;TAZID,CO_TAZID,TOTHH,HHPOP,HHSIZE,TOTEMP,RETEMP,INDEMP,OTHEMP,ALLEMP,RETL,FOOD,MANU,WSLE,OFFI,GVED,HLTH,OTHR,FM_AGRI,FM_MING,FM_CONS,HBJ,AVGINCOME,Enrol_Elem,Enrol_Midl,Enrol_High,CO_FIPS,CO_NAME
1,30001,1.2,2.1,1.69,0.0,0.0,0.0,0.0,0.1,0.0,0.0,0.0,0.0,0.0,0.0,0.0,0.0,0.0,0.0,0.0,0.1,46112,0.0,0.0,0.0,3,BOX ELDER
2,30002,15.3,43.6,2.85,3.6,0.8,2.8,0.0,4.4,0.8,0.0,0.0,2.8,0.0,0.0,0.0,0.0,0.0,0.0,0.0,0.8,46112,0.0,0.0,0.0,3,BOX ELDER
3,30003,5.2,11.9,2.27,2.6,0.0,2.6,0.0,2.9,0.0,0.0,0.0,2.6,0.0,0.0,0.0,0.0,0.0,0.0,0.0,0.3,46112,0.0,0.0,0.0,3,BOX ELDER
4,30004,21.0,35.7,1.69,23.7,1.5,18.3,3.9,79.0,1.2,0.2,1.0,17.3,0.2,0.6,0.3,2.8,54.2,0.0,0.0,1.1,46112,0.0,0.0,0.0,3,BOX ELDER
5,30005,30.8,73.9,2.4,69.3,0.3,68.3,0.8,71.0,0.2,0.1,0.4,67.9,0.1,0.2,0.1,0.3,0.0,0.0,0.0,1.7,46112,0.0,0.0,0.0,3,BOX ELDER
6,30006,15.1,40.1,2.66,43.9,0.8,43.1,0.1,44.7,0.8,0.0,0.1,43.0,0.0,0.0,0.0,0.0,0.0,0.0,0.0,0.8,46112,0.0,0.0,0.0,3,BOX ELDER
7,30007,0.0,0.0,0.0,274.3,24.3,173.8,76.2,289.2,15.7,8.6,87.9,85.9,8.0,21.4,12.2,34.6,12.3,0.0,2.5,0.0,55022,0.0,0.0,0.0,3,BOX ELDER
8,30008,0.0,0.0,0.0,0.0,0.0,0.0,0.0,0.0,0.0,0.0,0.0,0.0,0.0,0.0,0.0,0.0,0.0,0.0,0.0,0.0,55022,0.0,0.0,0.0,3,BOX ELDER
9,30009,12.2,46.1,3.78,0.0,0.0,0.0,0.0,0.7,0.0,0.0,0.0,0.0,0.0,0.0,0.0,0.0,0.0,0.0,0.0,0.7,55022,0.0,0.0,0.0,3,BOX ELDER
10,30010,56.2,154.8,2.76,10.9,1.9,0.3,8.6,14.0,1.9,0.0,0.2,0.1,0.0,0.1,1.7,6.8,0.0,0.0,0.0,3.1,57798,0.0,0.0,0.0,3,BOX ELDER
11,30011,37.9,114.5,3.02,6.9,0.2,2.0,4.7,9.0,0.1,0.1,0.3,1.7,3.3,0.2,0.9,0.3,0.0,0.0,0.0,2.1,57798,0.0,0.0,0.0,3,BOX ELDER
12,30012,43.2,74.3,1.72,42.6,3.1,33.7,5.8,67.7,3.1,0.0,1.8,31.9,0.0,0.0,0.0,5.8,0.0,0.0,22.7,2.4,57798,0.0,0.0,0.0,3,BOX ELDER
13,30013,224.1,688.3,3.07,66.0,10.5,11.3,44.3,121.0,6.2,4.2,5.9,5.4,1.3,35.9,2.0,5.2,0.0,0.0,42.8,12.2,57798,0.0,0.0,0.0,3,BOX ELDER
14,30014,6.2,11.5,1.86,0.0,0.0,0.0,0.0,0.3,0.0,0.0,0.0,0.0,0.0,0.0,0.0,0.0,0.0,0.0,0.0,0.3,54617,0.0,0.0,0.0,3,BOX ELDER
15,30015,14.8,30.4,2.04,0.0,0.0,0.0,0.0,6.7,0.0,0.0,0.0,0.0,0.0,0.0,0.0,0.0,0.0,0.0,5.9,0.8,58870,0.0,0.0,0.0,3,BOX ELDER
16,30016,23.8,87.3,3.67,1.3,0.0,1.3,0.0,6.8,0.0,0.0,0.0,1.3,0.0,0.0,0.0,0.0,0.0,0.0,4.2,1.3,58870,0.0,0.0,0.0,3,BOX ELDER
17,30017,0.0,0.0,0.0,0.0,0.0,0.0,0.0,0.0,0.0,0.0,0.0,0.0,0.0,0.0,0.0,0.0,0.0,0.0,0.0,0.0,58870,0.0,0.0,0.0,3,BOX ELDER
18,30018,14.2,38.4,2.7,0.0,0.0,0.0,0.0,5.8,0.0,0.0,0.0,0.0,0.0,0.0,0.0,0.0,0.0,0.0,5.0,0.8,58870,0.0,0.0,0.0,3,BOX ELDER
19,30019,0.0,0.0,0.0,8.2,0.0,0.0,8.2,8.2,0.0,0.0,0.0,0.0,0.0,8.2,0.0,0.0,0.0,0.0,0.0,0.0,58870,0.0,0.0,0.0,3,BOX ELDER
20,30020,0.0,0.0,0.0,152.0,65.3,44.3,42.4,156.2,27.6,37.7,19.0,25.3,4.2,15.1,6.3,16.8,0.0,0.0,4.2,0.0,58870,0.0,0.0,0.0,3,BOX ELDER
21,30021,0.0,0.0,0.0,0.0,0.0,0.0,0.0,0.0,0.0,0.0,0.0,0.0,0.0,0.0,0.0,0.0,0.0,0.0,0.0,0.0,58870,0.0,0.0,0.0,3,BOX ELDER
22,30022,5.0,13.7,2.75,1.0,0.1,0.4,0.5,44.1,0.1,0.1,0.2,0.2,0.1,0.1,0.1,0.2,0.0,0.0,42.8,0.3,58870,0.0,0.0,0.0,3,BOX ELDER
23,30023,0.0,0.0,0.0,9.2,0.0,0.0,9.2,9.2,0.0,0.0,0.0,0.0,0.0,2.6,0.0,6.6,0.0,0.0,0.0,0.0,53211,0.0,0.0,0.0,3,BOX ELDER
24,30024,0.0,0.0,0.0,0.0,0.0,0.0,0.0,0.0,0.0,0.0,0.0,0.0,0.0,0.0,0.0,0.0,0.0,0.0,0.0,0.0,53211,0.0,0.0,0.0,3,BOX ELDER
25,30025,0.0,0.0,0.0,870.3,46.4,680.2,143.7,874.5,30.1,16.4,550.4,129.7,15.3,40.9,23.4,64.1,0.0,0.0,4.2,0.0,58870,0.0,0.0,0.0,3,BOX ELDER
26,30026,0.0,0.0,0.0,0.0,0.0,0.0,0.0,0.0,0.0,0.0,0.0,0.0,0.0,0.0,0.0,0.0,0.0,0.0,0.0,0.0,58870,0.0,0.0,0.0,3,BOX ELDER
27,30027,48.6,135.1,2.78,5.0,0.7,1.9,2.4,37.0,0.5,0.3,1.1,0.8,0.3,0.7,0.4,1.0,0.0,0.0,29.4,2.6,58870,0.0,0.0,0.0,3,BOX ELDER
28,30028,42.4,72.9,1.72,96.3,13.8,34.8,47.6,126.3,9.0,4.9,20.8,14.0,4.8,12.3,7.1,23.4,0.0,0.0,27.7,2.3,58870,0.0,0.0,0.0,3,BOX ELDER
29,30029,48.6,83.6,1.72,402.5,31.1,272.2,99.3,433.6,20.1,11.0,211.6,60.6,10.2,27.3,15.6,46.0,0.0,0.0,28.5,2.6,57798,0.0,0.0,0.0,3,BOX ELDER
30,30030,101.7,174.7,1.72,219.2,33.6,105.6,80.0,281.0,24.4,9.2,67.0,38.6,8.7,23.1,13.2,35.0,0.0,0.0,56.3,5.5,57798,0.0,0.0,0.0,3,BOX ELDER
31,30031,219.4,520.1,2.37,261.2,41.6,115.6,103.9,404.9,29.9,11.7,80.0,35.6,11.1,29.3,16.8,46.8,0.0,0.0,131.8,11.9,58870,0.0,0.0,0.0,3,BOX ELDER
32,30032,2.8,4.9,1.72,2233.6,0.0,1382.9,850.7,2234.6,0.0,0.0,1382.9,0.0,795.6,48.5,1.8,4.9,0.0,0.0,0.8,0.2,58870,0.0,0.0,0.0,3,BOX ELDER
33,30033,176.1,702.3,3.99,35.9,4.3,10.6,21.0,79.1,2.8,1.5,6.5,4.1,1.4,6.4,3.0,10.2,0.0,0.0,33.6,9.6,57798,0.0,0.0,0.0,3,BOX ELDER
34,30034,301.3,830.8,2.76,195.3,5.0,30.3,160.0,211.7,3.9,1.1,4.9,25.4,1.1,95.1,33.0,30.9,0.0,0.0,0.0,16.4,47905,463.0,0.0,0.0,3,BOX ELDER
35,30035,229.0,674.1,2.94,4.8,0.4,1.0,3.4,60.9,0.3,0.1,0.6,0.4,0.1,0.3,0.2,2.7,0.0,0.0,43.7,12.5,58870,0.0,0.0,0.0,3,BOX ELDER
36,30036,316.4,761.2,2.41,59.0,2.8,4.5,51.7,76.2,2.7,0.0,1.2,3.2,6.9,1.4,17.4,26.1,0.0,0.0,0.0,17.2,32172,0.0,0.0,0.0,3,BOX ELDER
37,30037,88.8,266.8,3.0,166.9,13.7,22.8,130.5,189.4,10.4,3.3,14.0,8.8,3.6,8.1,5.4,113.3,0.0,0.0,17.6,4.8,57626,0.0,0.0,0.0,3,BOX ELDER
38,30038,338.6,817.3,2.41,243.7,29.4,25.8,188.5,262.9,20.9,8.5,5.1,20.7,23.1,58.7,27.3,79.4,0.0,0.0,0.8,18.4,40255,0.0,0.0,0.0,3,BOX ELDER
39,30039,212.6,480.0,2.26,206.3,64.5,67.0,74.8,298.5,59.5,5.0,21.5,45.6,11.1,12.5,7.9,43.3,0.0,0.0,80.6,11.6,68477,0.0,0.0,0.0,3,BOX ELDER
40,30040,179.0,372.3,2.08,195.6,18.0,10.9,166.8,205.3,17.3,0.6,2.8,8.1,0.6,44.6,61.4,60.1,0.0,0.0,0.0,9.7,40901,499.0,0.0,0.0,3,BOX ELDER
41,30041,137.0,401.2,2.93,8.4,0.1,1.7,6.6,15.9,0.1,0.0,0.1,1.6,0.0,0.1,0.0,6.4,0.0,0.0,0.0,7.5,42920,0.0,0.0,0.0,3,BOX ELDER
42,30042,200.4,526.1,2.63,156.7,19.0,78.4,59.3,167.6,2.9,16.0,78.4,0.0,3.8,0.0,0.0,55.5,0.0,0.0,0.0,10.9,33991,0.0,0.0,0.0,3,BOX ELDER
43,30043,165.2,434.5,2.63,11.3,0.5,7.1,3.6,20.3,0.3,0.2,0.8,6.3,0.2,0.5,0.3,2.7,0.0,0.0,0.0,9.0,33659,0.0,0.0,0.0,3,BOX ELDER
44,30044,115.8,279.4,2.41,546.0,164.6,127.4,254.0,558.2,147.0,17.7,76.0,51.4,21.4,44.1,41.9,146.7,0.0,0.0,5.9,6.3,30165,0.0,0.0,0.0,3,BOX ELDER
45,30045,63.5,178.6,2.81,13.6,1.7,3.1,8.7,17.1,1.4,0.3,2.3,0.8,0.3,0.7,2.1,5.6,0.0,0.0,0.0,3.5,30165,0.0,0.0,0.0,3,BOX ELDER
46,30046,196.3,512.6,2.61,797.2,104.2,40.1,652.9,808.7,81.7,22.5,20.2,19.9,27.8,279.7,50.2,295.2,0.0,0.0,0.8,10.7,43652,0.0,0.0,0.0,3,BOX ELDER
47,30047,168.2,426.5,2.54,155.5,3.7,6.8,145.1,164.7,2.7,1.0,4.2,2.6,1.5,133.9,1.4,8.3,0.0,0.0,0.0,9.2,43652,0.0,979.0,0.0,3,BOX ELDER
48,30048,96.7,291.9,3.02,3.9,1.4,1.1,1.4,9.2,1.2,0.2,0.7,0.4,0.1,0.4,0.2,0.6,0.0,0.0,0.0,5.3,68477,0.0,0.0,0.0,3,BOX ELDER
49,30049,270.0,708.8,2.63,3.5,0.9,0.0,2.5,18.2,0.9,0.0,0.0,0.0,1.2,1.3,0.0,0.0,0.0,0.0,0.0,14.7,36440,0.0,0.0,0.0,3,BOX ELDER
50,30050,85.6,219.4,2.56,4.5,0.0,0.1,4.4,9.2,0.0,0.0,0.1,0.0,0.0,0.0,0.0,4.3,0.0,0.0,0.0,4.7,68477,0.0,0.0,0.0,3,BOX ELDER
51,30051,141.7,342.5,2.42,4.8,0.0,0.0,4.8,65.4,0.0,0.0,0.0,0.0,0.6,0.0,0.0,4.3,0.0,0.0,52.9,7.7,68477,0.0,0.0,0.0,3,BOX ELDER
52,30052,150.1,364.6,2.43,61.2,1.7,5.9,53.6,69.4,1.1,0.6,2.6,3.3,1.2,15.9,27.5,9.0,0.0,0.0,0.0,8.2,36440,0.0,0.0,0.0,3,BOX ELDER
53,30053,166.3,540.0,3.25,9.3,0.1,1.7,7.6,18.4,0.0,0.0,0.1,1.6,2.2,0.1,3.1,2.2,0.0,0.0,0.0,9.1,60482,0.0,0.0,0.0,3,BOX ELDER
54,30054,97.6,265.7,2.72,36.3,5.9,12.6,17.8,42.4,4.2,1.8,7.6,5.0,1.7,4.4,2.6,9.1,0.0,0.0,0.8,5.3,59889,0.0,0.0,0.0,3,BOX ELDER
55,30055,41.3,101.2,2.45,6.0,0.3,0.6,5.1,8.2,0.2,0.1,0.4,0.2,0.1,0.2,0.1,4.7,0.0,0.0,0.0,2.2,59889,0.0,0.0,0.0,3,BOX ELDER
56,30056,82.6,262.2,3.17,124.0,16.4,57.4,50.2,131.0,10.6,5.8,41.4,16.0,5.5,14.5,8.3,22.0,0.0,0.0,2.5,4.5,59889,0.0,0.0,0.0,3,BOX ELDER
57,30057,38.9,108.0,2.78,78.7,11.3,28.5,38.9,113.6,7.3,4.0,17.0,11.5,3.9,11.4,5.8,17.8,0.0,0.0,32.7,2.1,58870,0.0,0.0,0.0,3,BOX ELDER
58,30058,133.4,272.8,2.04,481.2,43.8,129.1,308.3,562.4,30.3,13.5,71.1,58.0,20.4,161.4,68.7,57.8,0.0,0.0,73.9,7.3,58870,0.0,14.0,20.0,3,BOX ELDER
59,30059,56.3,156.6,2.78,0.0,0.0,0.0,0.0,48.4,0.0,0.0,0.0,0.0,0.0,0.0,0.0,0.0,0.0,0.0,45.3,3.1,58870,0.0,0.0,0.0,3,BOX ELDER
60,30060,241.5,671.4,2.78,0.0,0.0,0.0,0.0,209.6,0.0,0.0,0.0,0.0,0.0,0.0,0.0,0.0,0.0,0.0,196.5,13.1,58870,0.0,0.0,0.0,3,BOX ELDER
61,30061,0.0,0.0,0.0,100.0,14.8,37.7,47.5,184.0,9.5,5.2,21.8,15.9,5.4,13.3,7.8,21.0,0.0,0.0,84.0,0.0,58870,0.0,0.0,0.0,3,BOX ELDER
62,30062,90.6,332.6,3.67,116.9,3.2,39.4,74.3,169.7,2.1,1.1,17.4,22.0,1.6,2.8,52.4,17.4,0.0,0.0,47.9,4.9,44190,0.0,0.0,0.0,3,BOX ELDER
63,30063,44.1,109.0,2.47,663.4,53.9,81.8,527.7,665.8,53.9,0.0,81.8,0.0,0.0,0.0,4.9,522.9,0.0,0.0,0.0,2.4,53099,0.0,0.0,0.0,3,BOX ELDER
64,30064,229.7,572.9,2.49,817.0,124.7,105.9,586.3,832.0,92.2,32.5,32.5,73.4,26.4,169.6,80.0,310.3,0.0,0.0,2.5,12.5,53099,31.0,46.0,46.0,3,BOX ELDER
65,30065,22.1,51.3,2.32,176.4,0.0,0.0,176.4,177.6,0.0,0.0,0.0,0.0,0.0,174.1,0.0,2.3,0.0,0.0,0.0,1.2,44190,0.0,0.0,1439.0,3,BOX ELDER
66,30066,271.0,724.6,2.67,67.5,33.5,3.2,30.7,82.3,18.0,15.5,0.9,2.3,2.0,4.6,0.3,23.8,0.0,0.0,0.0,14.8,44190,0.0,0.0,0.0,3,BOX ELDER
67,30067,269.0,593.7,2.21,123.8,0.0,0.0,123.8,250.1,0.0,0.0,0.0,0.0,0.0,0.0,3.9,119.9,0.0,0.0,111.7,14.6,39229,0.0,0.0,0.0,3,BOX ELDER
68,30068,210.5,594.4,2.82,79.3,8.6,21.2,49.5,91.6,5.5,3.0,13.0,8.3,2.8,7.5,7.6,31.5,0.0,0.0,0.8,11.5,40753,0.0,0.0,0.0,3,BOX ELDER
69,30069,225.6,642.9,2.85,188.4,88.0,20.5,80.0,201.6,37.5,50.5,13.4,7.1,4.3,6.5,6.2,63.0,0.0,0.0,0.8,12.3,39229,0.0,0.0,0.0,3,BOX ELDER
70,30070,673.2,1640.4,2.44,1130.5,35.3,78.2,1017.0,1359.4,23.0,12.3,57.3,20.9,7.2,169.6,659.9,180.3,0.0,0.0,192.3,36.6,39229,0.0,966.0,37.0,3,BOX ELDER
71,30071,588.5,1579.4,2.68,676.6,189.4,12.0,475.2,708.6,44.3,145.1,5.5,6.6,6.0,202.7,90.5,176.0,0.0,0.0,0.0,32.0,43542,588.0,0.0,0.0,3,BOX ELDER
72,30072,142.0,358.8,2.53,108.2,29.5,7.4,71.2,115.9,29.5,0.0,1.1,6.4,0.0,0.0,4.8,66.4,0.0,0.0,0.0,7.7,41635,0.0,0.0,0.0,3,BOX ELDER
73,30073,28.2,70.0,2.48,78.1,8.9,22.0,47.2,80.5,5.7,3.1,13.4,8.6,2.9,7.8,4.5,32.0,0.0,0.0,0.8,1.5,41635,0.0,0.0,0.0,3,BOX ELDER
74,30074,89.5,307.1,3.43,76.2,0.0,1.5,74.6,81.1,0.0,0.0,0.0,1.5,0.0,0.0,0.0,74.6,0.0,0.0,0.0,4.9,38344,0.0,0.0,0.0,3,BOX ELDER
75,30075,145.8,325.8,2.23,177.1,33.3,7.3,136.5,185.0,13.5,19.8,2.5,4.8,2.9,1.5,11.2,121.0,0.0,0.0,0.0,7.9,36294,0.0,0.0,0.0,3,BOX ELDER
76,30076,170.4,407.2,2.39,44.2,0.0,0.0,44.2,53.5,0.0,0.0,0.0,0.0,0.6,10.4,20.0,13.2,0.0,0.0,0.0,9.3,37447,0.0,0.0,0.0,3,BOX ELDER
77,30077,105.2,301.6,2.87,21.4,0.2,0.6,20.6,37.2,0.1,0.1,0.4,0.2,0.6,0.2,0.1,19.6,0.0,0.0,10.1,5.7,31244,0.0,0.0,0.0,3,BOX ELDER
78,30078,9.1,30.4,3.35,0.0,0.0,0.0,0.0,0.5,0.0,0.0,0.0,0.0,0.0,0.0,0.0,0.0,0.0,0.0,0.0,0.5,31101,0.0,0.0,0.0,3,BOX ELDER
79,30079,286.1,658.9,2.3,586.6,221.6,40.9,324.1,603.9,124.9,96.7,25.1,15.8,10.9,62.5,36.5,214.2,0.0,0.0,1.7,15.6,31101,405.0,0.0,0.0,3,BOX ELDER
80,30080,4.1,11.3,2.75,0.0,0.0,0.0,0.0,1.9,0.0,0.0,0.0,0.0,0.0,0.0,0.0,0.0,0.0,0.0,1.7,0.2,77906,0.0,0.0,0.0,3,BOX ELDER
81,30081,0.0,0.0,0.0,236.0,149.7,32.4,54.0,236.8,36.1,113.5,17.8,14.6,5.7,10.3,5.9,32.1,0.0,0.0,0.8,0.0,77906,0.0,0.0,0.0,3,BOX ELDER
82,30082,5.0,13.7,2.75,278.6,56.9,23.4,198.3,321.7,48.5,8.4,11.3,12.1,2.5,140.4,18.0,37.5,0.0,0.0,42.8,0.3,77906,0.0,0.0,0.0,3,BOX ELDER
83,30083,4.1,11.3,2.75,446.4,326.0,43.2,77.2,459.0,311.7,14.3,23.3,19.9,5.1,13.5,9.5,49.1,7.4,0.0,5.0,0.2,77906,0.0,0.0,0.0,3,BOX ELDER
84,30084,90.5,284.5,3.14,265.7,81.0,38.6,146.1,295.8,31.9,49.1,22.6,16.0,29.6,68.4,7.5,40.5,0.0,0.0,25.2,4.9,77906,0.0,0.0,0.0,3,BOX ELDER
85,30085,154.9,491.5,3.17,277.4,245.0,7.0,25.3,344.6,1.8,243.2,4.3,2.7,0.9,2.5,18.1,3.8,0.0,0.0,58.8,8.4,77906,0.0,0.0,0.0,3,BOX ELDER
86,30086,14.8,40.8,2.75,0.0,0.0,0.0,0.0,9.2,0.0,0.0,0.0,0.0,0.0,0.0,0.0,0.0,0.0,0.0,8.4,0.8,60413,0.0,0.0,0.0,3,BOX ELDER
87,30087,43.5,120.6,2.77,8.9,0.8,3.2,4.9,24.7,0.5,0.3,2.4,0.8,0.3,0.7,0.4,3.4,0.0,0.0,13.4,2.4,60413,0.0,0.0,0.0,3,BOX ELDER
88,30088,227.6,781.0,3.43,120.8,10.3,20.1,90.4,135.7,4.8,5.4,11.3,8.8,3.1,45.1,21.0,21.2,0.0,0.0,2.5,12.4,60413,886.0,103.0,0.0,3,BOX ELDER
89,30089,74.8,142.0,1.9,115.3,14.4,35.8,65.1,134.6,10.0,4.4,15.1,20.7,3.9,11.4,14.6,35.3,0.0,0.0,15.1,4.1,77906,0.0,0.0,0.0,3,BOX ELDER
90,30090,179.3,492.1,2.74,91.6,8.1,20.2,63.3,114.0,5.3,2.9,12.3,7.9,3.3,7.2,13.0,39.8,0.0,0.0,12.6,9.8,77906,0.0,0.0,0.0,3,BOX ELDER
91,30091,235.4,537.2,2.28,32.9,1.8,12.6,18.5,102.0,1.2,0.6,9.2,3.4,11.8,1.6,2.6,2.4,0.0,0.0,56.3,12.8,77906,0.0,0.0,0.0,3,BOX ELDER
92,30092,210.6,538.9,2.56,33.6,7.8,9.4,16.5,45.9,2.9,4.8,4.7,4.6,1.0,2.7,4.0,8.7,0.0,0.0,0.8,11.5,77906,0.0,0.0,0.0,3,BOX ELDER
93,30093,158.1,471.5,2.98,52.8,3.7,9.1,40.0,62.2,2.4,1.3,5.6,3.5,1.2,3.2,19.6,16.0,0.0,0.0,0.8,8.6,60413,0.0,0.0,0.0,3,BOX ELDER
94,30094,0.0,0.0,0.0,0.0,0.0,0.0,0.0,0.0,0.0,0.0,0.0,0.0,0.0,0.0,0.0,0.0,0.0,0.0,0.0,0.0,69043,0.0,0.0,0.0,3,BOX ELDER
95,30095,99.7,307.4,3.08,4.8,0.0,0.0,4.8,48.0,0.0,0.0,0.0,0.0,0.6,0.0,0.0,4.3,0.0,0.0,37.8,5.4,69043,0.0,0.0,0.0,3,BOX ELDER
96,30096,110.9,309.7,2.79,76.9,3.9,1.1,71.9,106.4,0.0,3.9,1.1,0.0,0.0,69.6,0.0,2.3,0.0,0.0,23.5,6.0,69043,0.0,0.0,0.0,3,BOX ELDER
97,30097,285.7,879.1,3.08,58.5,6.5,9.3,42.7,75.0,2.4,4.1,5.7,3.6,3.6,17.9,2.7,18.5,0.0,0.0,0.8,15.6,69043,0.0,0.0,0.0,3,BOX ELDER
98,30098,0.0,0.0,0.0,0.0,0.0,0.0,0.0,0.0,0.0,0.0,0.0,0.0,0.0,0.0,0.0,0.0,0.0,0.0,0.0,0.0,69043,0.0,0.0,0.0,3,BOX ELDER
99,30099,192.8,629.2,3.26,11.9,0.9,2.2,8.8,53.5,0.6,0.3,1.4,0.9,0.3,0.8,2.1,5.6,0.0,0.0,31.1,10.5,69043,0.0,0.0,0.0,3,BOX ELDER
100,30100,101.8,263.9,2.59,4.4,1.5,1.3,1.6,44.3,0.3,1.1,0.8,0.5,0.2,0.5,0.3,0.7,0.0,0.0,34.4,5.5,53211,0.0,0.0,0.0,3,BOX ELDER
101,30101,42.2,127.0,3.01,23.0,8.3,6.6,8.2,176.1,7.3,0.9,4.0,2.6,0.9,2.3,1.3,3.6,135.6,0.0,15.1,2.3,75963,0.0,0.0,0.0,3,BOX ELDER
102,30102,0.0,0.0,0.0,0.0,0.0,0.0,0.0,0.0,0.0,0.0,0.0,0.0,0.0,0.0,0.0,0.0,0.0,0.0,0.0,0.0,53211,0.0,0.0,0.0,3,BOX ELDER
103,30103,0.0,0.0,0.0,0.0,0.0,0.0,0.0,0.0,0.0,0.0,0.0,0.0,0.0,0.0,0.0,0.0,0.0,0.0,0.0,0.0,53211,0.0,0.0,0.0,3,BOX ELDER
104,30104,158.4,463.1,2.92,0.0,0.0,0.0,0.0,75.8,0.0,0.0,0.0,0.0,0.0,0.0,0.0,0.0,0.0,0.0,67.2,8.6,53211,0.0,0.0,0.0,3,BOX ELDER
105,30105,1.0,2.7,2.75,0.0,0.0,0.0,0.0,8.5,0.0,0.0,0.0,0.0,0.0,0.0,0.0,0.0,0.0,0.0,8.4,0.1,53211,0.0,0.0,0.0,3,BOX ELDER
106,30106,33.2,91.9,2.77,0.0,0.0,0.0,0.0,6.8,0.0,0.0,0.0,0.0,0.0,0.0,0.0,0.0,0.0,0.0,5.0,1.8,53211,0.0,0.0,0.0,3,BOX ELDER
107,30107,37.6,137.1,3.64,0.0,0.0,0.0,0.0,9.6,0.0,0.0,0.0,0.0,0.0,0.0,0.0,0.0,0.0,0.0,7.6,2.0,53211,0.0,0.0,0.0,3,BOX ELDER
108,30108,42.0,123.7,2.95,1.7,0.1,1.5,0.2,7.4,0.0,0.0,0.1,1.4,0.0,0.0,0.0,0.1,0.0,0.0,3.4,2.3,75963,0.0,0.0,0.0,3,BOX ELDER
109,30109,1.0,2.7,2.75,90.5,69.1,9.6,11.8,99.8,63.7,5.4,5.9,3.7,1.3,3.4,2.0,5.1,0.0,0.0,9.2,0.1,53211,0.0,0.0,0.0,3,BOX ELDER
110,30110,22.0,55.5,2.52,18.1,1.0,11.7,5.4,20.1,0.6,0.3,10.8,0.9,0.3,0.9,0.5,3.7,0.0,0.0,0.8,1.2,53211,0.0,0.0,0.0,3,BOX ELDER
111,30111,21.7,26.1,1.2,16.7,7.1,6.9,2.6,20.4,6.8,0.3,1.3,5.6,0.3,0.8,0.4,1.2,0.0,0.0,2.5,1.2,53211,0.0,0.0,0.0,3,BOX ELDER
112,30112,12.8,49.6,3.89,0.0,0.0,0.0,0.0,4.1,0.0,0.0,0.0,0.0,0.0,0.0,0.0,0.0,0.0,0.0,3.4,0.7,75963,0.0,0.0,0.0,3,BOX ELDER
113,30113,32.6,80.8,2.48,1.0,1.0,0.0,0.0,9.5,1.0,0.0,0.0,0.0,0.0,0.0,0.0,0.0,0.0,0.0,6.7,1.8,53211,0.0,0.0,0.0,3,BOX ELDER
114,30114,46.5,139.3,3.0,5.5,0.3,2.2,3.0,12.2,0.2,0.1,0.4,1.8,0.1,0.3,0.1,2.5,0.0,2.5,1.7,2.5,53211,0.0,0.0,0.0,3,BOX ELDER
115,30115,25.9,80.5,3.11,1.7,1.1,0.3,0.3,8.1,1.0,0.0,0.2,0.1,0.0,0.1,0.1,0.1,0.0,0.0,5.0,1.4,75963,0.0,0.0,0.0,3,BOX ELDER
116,30116,59.8,101.9,1.7,0.0,0.0,0.0,0.0,12.5,0.0,0.0,0.0,0.0,0.0,0.0,0.0,0.0,0.0,0.0,9.2,3.3,53211,0.0,0.0,0.0,3,BOX ELDER
117,30117,62.5,163.8,2.62,62.5,0.9,0.0,61.6,65.9,0.9,0.0,0.0,0.0,2.4,56.9,0.0,2.3,0.0,0.0,0.0,3.4,53211,280.0,0.0,0.0,3,BOX ELDER
118,30118,175.1,402.0,2.3,15.8,2.2,8.0,5.6,25.3,2.1,0.1,6.0,2.0,0.1,0.3,0.2,5.1,0.0,0.0,0.0,9.5,75963,0.0,0.0,0.0,3,BOX ELDER
119,30119,85.7,215.4,2.51,0.0,0.0,0.0,0.0,4.7,0.0,0.0,0.0,0.0,0.0,0.0,0.0,0.0,0.0,0.0,0.0,4.7,53211,0.0,0.0,0.0,3,BOX ELDER
120,30120,60.4,170.1,2.82,8.2,0.0,6.7,1.4,11.5,0.0,0.0,0.0,6.7,0.0,0.0,1.4,0.0,0.0,0.0,0.0,3.3,53211,0.0,0.0,0.0,3,BOX ELDER
121,30121,65.9,178.4,2.71,2.5,0.1,1.3,1.1,9.4,0.0,0.0,1.3,0.1,0.0,0.1,0.9,0.1,0.0,0.0,3.4,3.6,75963,0.0,0.0,0.0,3,BOX ELDER
122,30122,30.4,36.4,1.2,0.0,0.0,0.0,0.0,14.3,0.0,0.0,0.0,0.0,0.0,0.0,0.0,0.0,0.0,0.0,12.6,1.7,53211,0.0,0.0,0.0,3,BOX ELDER
123,30123,70.7,203.4,2.88,0.8,0.0,0.1,0.7,11.3,0.0,0.0,0.1,0.0,0.6,0.0,0.0,0.1,0.0,0.0,6.7,3.8,75963,0.0,0.0,0.0,3,BOX ELDER
124,30124,130.7,384.2,2.94,10.0,0.5,1.1,8.5,19.7,0.3,0.2,0.7,0.4,0.7,0.4,0.2,7.1,0.0,0.0,2.5,7.1,53211,0.0,0.0,0.0,3,BOX ELDER
125,30125,78.1,239.6,3.07,28.2,13.2,6.3,8.7,74.4,13.0,0.3,5.6,0.6,2.1,0.6,0.4,5.7,37.0,0.0,5.0,4.2,75963,0.0,0.0,0.0,3,BOX ELDER
126,30126,168.1,553.8,3.3,24.9,2.3,11.1,11.4,39.0,2.2,0.1,10.8,0.3,0.7,0.3,2.8,7.6,0.0,0.0,5.0,9.1,53211,0.0,0.0,0.0,3,BOX ELDER
127,30127,211.6,655.4,3.1,18.1,5.1,1.3,11.7,40.5,4.9,0.2,0.8,0.5,1.3,0.5,0.3,9.7,0.0,0.0,10.9,11.5,75963,0.0,0.0,0.0,3,BOX ELDER
128,30128,157.8,338.6,2.15,73.9,6.0,48.3,19.6,113.6,5.1,0.9,19.4,28.9,0.7,12.4,1.2,5.3,0.0,12.7,18.5,8.6,69896,0.0,0.0,0.0,3,BOX ELDER
129,30129,51.7,124.9,2.42,0.9,0.1,0.3,0.4,5.4,0.1,0.0,0.2,0.1,0.0,0.1,0.1,0.2,0.0,0.0,1.7,2.8,53211,0.0,0.0,0.0,3,BOX ELDER
130,30130,3.3,10.0,2.98,0.0,0.0,0.0,0.0,0.2,0.0,0.0,0.0,0.0,0.0,0.0,0.0,0.0,0.0,0.0,0.0,0.2,53211,0.0,0.0,0.0,3,BOX ELDER
131,30131,2.8,7.5,2.66,10.7,0.0,0.0,10.7,10.9,0.0,0.0,0.0,0.0,0.0,0.0,0.0,10.7,0.0,0.0,0.0,0.2,53211,0.0,0.0,0.0,3,BOX ELDER
132,30132,1.3,4.8,3.62,25.8,0.0,25.8,0.0,25.9,0.0,0.0,0.0,25.8,0.0,0.0,0.0,0.0,0.0,0.0,0.0,0.1,53211,0.0,0.0,0.0,3,BOX ELDER
133,30133,4.3,15.6,3.62,0.0,0.0,0.0,0.0,0.2,0.0,0.0,0.0,0.0,0.0,0.0,0.0,0.0,0.0,0.0,0.0,0.2,53211,0.0,0.0,0.0,3,BOX ELDER
134,30134,1.3,2.3,1.69,0.0,0.0,0.0,0.0,0.1,0.0,0.0,0.0,0.0,0.0,0.0,0.0,0.0,0.0,0.0,0.0,0.1,53211,0.0,0.0,0.0,3,BOX ELDER
135,30135,0.0,0.0,0.0,0.0,0.0,0.0,0.0,0.0,0.0,0.0,0.0,0.0,0.0,0.0,0.0,0.0,0.0,0.0,0.0,0.0,53211,0.0,0.0,0.0,3,BOX ELDER
141,570141,152.5,400.4209088,2.625710877,1285.2,4.7,782.8,497.7,1786.940537,0.166666667,4.5,781.1666667,1.666666667,8.5,456.8333333,2.0,30.33333333,94.00161419,181.7801418,215.8263315,10.16578292,60843,0.0,0.0,0.0,57,WEBER
142,570142,32.83333333,91.75400871,2.794538336,13.8,0.0,2.8,11.0,54.69024301,0.0,0.0,2.666666667,0.166666667,1.0,8.833333333,0.0,1.166666667,13.19041976,0.0,25.66666667,1.99982325,60843,0.0,0.0,0.0,57,WEBER
143,570143,51.66666667,151.9810217,2.941568162,0.5,0.2,0.0,0.3,25.20406376,0.0,0.166666667,0.0,0.0,0.0,0.0,0.166666667,0.166666667,21.03772859,0.0,0.0,3.666335164,60843,0.0,0.0,0.0,57,WEBER
144,570144,49.5,135.0400325,2.728081465,0.0,0.0,0.0,0.0,21.68812262,0.0,0.0,0.0,0.0,0.0,0.0,0.0,0.0,12.35529692,0.0,5.833134999,3.499690702,66989,0.0,0.0,0.0,57,WEBER
145,570145,329.6666667,921.9137958,2.79650292,0.0,0.0,0.0,0.0,146.0035456,0.0,0.0,0.0,0.0,0.0,0.0,0.0,0.0,10.18542916,0.0,113.3205262,22.49759031,66989,0.0,0.0,0.0,57,WEBER
146,570146,177.1666667,494.9882258,2.793912845,2.3,0.0,0.3,2.0,78.6687875,0.0,0.0,0.166666667,0.166666667,0.166666667,0.5,1.0,0.333333333,8.014372797,0.0,56.3227847,11.99829666,66989,0.0,0.0,0.0,57,WEBER
147,570147,287.6666667,833.2988585,2.896751536,24.0,1.3,2.5,20.2,120.005557,0.0,1.333333333,2.166666667,0.333333333,2.166666667,9.5,4.5,4.0,11.5207575,0.0,64.98681129,19.49798822,66989,0.0,0.0,0.0,57,WEBER
148,570148,364.8333333,1037.51327,2.843800648,207.8,14.8,9.8,183.2,278.152817,13.5,1.333333333,1.0,8.833333333,5.666666667,157.1666667,6.166666667,14.16666667,4.675451252,0.0,40.979819,24.66421339,82188,0.0,0.0,0.0,57,WEBER
149,570149,470.6666667,1386.507138,2.945836696,47.7,0.5,0.5,46.7,140.8331532,0.5,0.0,0.5,0.0,21.16666667,4.666666667,1.666666667,19.16666667,9.682241744,0.0,51.48749391,31.99675091,82191,0.0,0.0,0.0,57,WEBER
150,570150,565.1666667,1794.913271,3.175900805,493.3,142.5,106.5,244.3,546.3290147,137.8333333,4.666666667,9.333333333,97.16666667,9.5,124.5,1.166666667,109.1666667,0.0,0.0,14.83239534,38.16328606,82684,0.0,0.0,0.0,57,WEBER
151,570151,287.1666667,887.2626001,3.089713059,170.2,18.8,18.0,133.3,206.9908259,15.16666667,3.666666667,1.5,16.5,4.833333333,96.66666667,12.16666667,19.66666667,1.66846656,0.0,15.65741598,19.4982767,82427,921.0,0.0,0.0,57,WEBER
152,570152,596.5,1810.74868,3.035622263,84.2,0.0,21.2,63.0,232.9886377,0.0,0.0,17.66666667,3.5,3.833333333,25.5,20.0,13.66666667,2.837726322,0.0,105.6552224,40.32902238,82684,0.0,1163.0,0.0,57,WEBER
153,570153,14.0,32.62310083,2.330221488,6.3,0.0,0.3,6.0,24.36378715,0.0,0.0,0.166666667,0.166666667,0.166666667,0.666666667,4.166666667,1.0,17.03054219,0.0,0.0,0.999911625,60843,0.0,0.0,0.0,57,WEBER
154,570154,168.3333333,487.7763415,2.897681237,4.2,0.0,0.2,4.0,80.69609492,0.0,0.0,0.166666667,0.0,0.333333333,0.5,2.833333333,0.333333333,20.20160704,0.0,44.99583686,11.33198435,60843,0.0,0.0,0.0,57,WEBER
155,570155,125.3333333,377.9894381,3.015873176,12.7,0.0,0.5,12.2,63.07472801,0.0,0.0,0.333333333,0.166666667,1.166666667,3.0,7.833333333,0.166666667,42.07545718,0.0,0.0,8.332604157,60843,0.0,0.0,0.0,57,WEBER
156,570156,112.5,332.664104,2.957014258,13.0,0.3,0.3,12.3,51.22025495,0.166666667,0.166666667,0.333333333,0.0,1.166666667,2.833333333,8.166666667,0.166666667,30.22096195,0.0,0.0,7.999292999,60843,0.0,0.0,0.0,57,WEBER
157,570157,45.66666667,100.3799344,2.198100754,3.5,0.0,0.3,3.2,37.72249343,0.0,0.0,0.166666667,0.166666667,0.5,0.333333333,2.166666667,0.166666667,31.22275855,0.0,0.0,2.999734875,60843,0.0,0.0,0.0,57,WEBER
158,570158,347.3333333,946.7109394,2.725655296,66.0,21.5,5.0,39.5,156.4906826,0.166666667,21.33333333,0.5,4.5,7.833333333,6.666666667,10.66666667,14.33333333,2.83852472,0.0,64.15441199,23.49774586,56064,768.0,0.0,0.0,57,WEBER
159,570159,687.8333333,1960.546614,2.850322192,227.5,0.3,5.0,222.2,395.6722659,0.333333333,0.0,0.333333333,4.666666667,10.83333333,200.5,3.666666667,7.166666667,14.19340639,0.0,107.6496579,46.32920167,60183,0.0,0.0,1997.0,57,WEBER
160,570160,154.8333333,402.7615806,2.601258863,16.2,1.3,0.5,14.3,63.33753678,1.333333333,0.0,0.166666667,0.333333333,0.166666667,5.833333333,0.5,7.833333333,5.510375205,0.0,31.16164458,10.49885033,74507,0.0,0.0,0.0,57,WEBER
161,570161,380.8333333,1031.716412,2.709102177,3.3,0.0,0.0,3.3,86.98079973,0.0,0.0,0.0,0.0,0.5,0.833333333,1.666666667,0.333333333,2.003593199,0.0,55.97946009,25.66441312,74507,0.0,0.0,0.0,57,WEBER
162,570162,726.6666667,1656.257884,2.279253969,945.8,49.0,541.5,355.3,1058.00686,47.83333333,1.166666667,373.6666667,167.8333333,12.33333333,175.1666667,47.33333333,120.5,12.68962516,0.0,50.32167632,49.16222535,74507,0.0,0.0,0.0,57,WEBER
163,570163,21.0,56.15258271,2.67393251,45.7,0.0,0.3,45.3,47.00011135,0.0,0.0,0.166666667,0.166666667,0.333333333,5.5,3.5,36.0,0.0,0.0,0.0,1.33344468,74507,0.0,0.0,0.0,57,WEBER
164,570164,69.0,200.1331245,2.900480065,1.8,0.0,0.0,1.8,22.16567234,0.0,0.0,0.0,0.0,0.166666667,0.166666667,0.333333333,1.166666667,1.335926428,0.0,14.16338816,4.833024419,74507,0.0,0.0,0.0,57,WEBER
165,570165,36.16666667,95.35587405,2.636567946,165.5,45.0,20.2,100.3,170.6678502,44.83333333,0.166666667,11.16666667,9.0,3.333333333,59.5,1.166666667,36.33333333,1.0017966,0.0,1.832896999,2.333156583,74507,0.0,0.0,0.0,57,WEBER
166,570166,95.33333333,258.4778158,2.71130576,4.3,0.0,0.3,4.0,45.72079967,0.0,0.0,0.333333333,0.0,0.833333333,0.333333333,2.333333333,0.5,31.05569459,0.0,4.332301997,5.999469749,68646,0.0,0.0,0.0,57,WEBER
167,570167,23.0,55.20909318,2.400395356,3.0,0.0,0.3,2.7,23.03216204,0.0,0.0,0.166666667,0.166666667,0.166666667,1.0,0.333333333,1.166666667,18.03233879,0.0,0.0,1.99982325,68532,0.0,0.0,0.0,57,WEBER
168,570168,117.8333333,319.3284658,2.710001124,24.0,9.8,3.8,10.3,70.53323765,9.833333333,0.0,0.5,3.333333333,2.5,2.333333333,2.833333333,2.666666667,25.04491499,0.0,13.48929591,7.999026752,68532,0.0,0.0,0.0,57,WEBER
169,570169,169.8333333,442.4537823,2.605223448,78.3,0.3,1.5,76.5,116.7140698,0.0,0.333333333,1.333333333,0.166666667,6.666666667,61.0,5.666666667,3.166666667,27.04850819,0.0,0.0,11.33222825,68532,0.0,0.0,0.0,57,WEBER
170,570170,27.66666667,79.68243334,2.880087952,1.5,0.0,0.0,1.5,11.83649003,0.0,0.0,0.0,0.0,0.333333333,0.166666667,0.666666667,0.333333333,3.839723236,0.0,4.49685478,1.999912008,74607,0.0,0.0,0.0,57,WEBER
171,570171,163.6666667,440.8762031,2.693744622,1.0,0.0,0.0,1.0,102.0161487,0.0,0.0,0.0,0.0,0.0,0.0,0.0,1.0,18.70019878,0.0,71.48369969,10.83225024,74607,0.0,0.0,0.0,57,WEBER
172,570172,128.6666667,348.3459728,2.70735212,0.0,0.0,0.0,0.0,21.1678865,0.0,0.0,0.0,0.0,0.0,0.0,0.0,0.0,2.503797278,0.0,9.831772982,8.832316237,74607,0.0,0.0,0.0,57,WEBER
173,570173,344.5,920.3674099,2.671603512,751.8,241.0,16.3,494.5,853.6998012,207.5,33.5,14.66666667,1.666666667,173.8333333,49.5,44.33333333,226.8333333,21.53852652,0.0,57.16295246,23.16498893,74607,0.0,0.0,0.0,57,WEBER
174,570174,37.0,108.0615479,2.920582377,0.0,0.0,0.0,0.0,25.65511539,0.0,0.0,0.0,0.0,0.0,0.0,0.0,0.0,0.0,0.0,23.32211395,2.333001447,80065,0.0,0.0,0.0,57,WEBER
175,570175,56.66666667,154.6492294,2.729104048,0.0,0.0,0.0,0.0,154.2670535,0.0,0.0,0.0,0.0,0.0,0.0,0.0,0.0,0.0,89.60992908,60.65725621,3.999868219,80065,0.0,0.0,0.0,57,WEBER
176,570176,671.3333333,1901.404412,2.832280654,30.8,1.0,0.3,29.5,304.6256072,0.0,1.0,0.0,0.333333333,1.666666667,10.5,1.5,15.83333333,2.671858053,0.0,225.7907272,45.3296886,80065,0.0,0.0,0.0,57,WEBER
177,570177,266.6666667,755.8286518,2.834357444,1189.5,138.5,544.0,507.0,1215.500813,12.16666667,126.3333333,518.1666667,25.83333333,147.1666667,235.8333333,15.0,109.0,2.003593199,0.0,5.998810076,17.99840925,74269,0.0,0.0,0.0,57,WEBER
178,570178,644.1666667,1931.205185,2.997989939,861.5,24.8,413.0,423.7,935.1667663,23.66666667,1.166666667,259.3333333,153.6666667,1.833333333,116.5,140.3333333,165.0,4.842316332,0.0,25.32827232,43.49617769,74269,0.0,0.0,0.0,57,WEBER
179,570179,436.0,1344.824192,3.084459155,190.5,31.2,59.0,100.3,375.8173982,13.83333333,17.33333333,23.0,36.0,7.166666667,32.0,35.0,26.16666667,3.173053276,0.0,152.9793313,29.16501361,74269,0.0,0.0,0.0,57,WEBER
180,570180,22.33333333,66.969674,2.998642119,0.0,0.0,0.0,0.0,12.66519382,0.0,0.0,0.0,0.0,0.0,0.0,0.0,0.0,0.0,0.0,11.16543734,1.499756489,82031,0.0,0.0,0.0,57,WEBER
181,570181,117.0,343.0153748,2.931755341,9.2,0.0,8.7,0.5,23.49790019,0.0,0.0,0.0,8.666666667,0.0,0.166666667,0.166666667,0.166666667,0.0,0.0,6.665251857,7.665981664,82031,0.0,0.0,0.0,57,WEBER
182,570182,172.0,490.285988,2.85049993,4.5,0.2,0.8,3.5,170.9737731,0.0,0.166666667,0.833333333,0.0,0.333333333,0.333333333,1.5,1.333333333,0.0,0.0,154.8077462,11.6660269,75428,0.0,0.0,0.0,57,WEBER
183,570183,948.1666667,2840.604209,2.995891239,373.7,3.5,13.2,357.0,460.3203011,1.666666667,1.833333333,3.166666667,10.0,16.16666667,286.3333333,29.66666667,24.83333333,0.0,0.0,22.82573521,63.82789919,89059,583.0,0.0,1895.0,57,WEBER
184,570184,1001.666667,2889.037342,2.884230292,8.2,0.0,3.8,4.3,145.6519455,0.0,0.0,3.666666667,0.166666667,0.0,0.0,1.166666667,3.166666667,0.0,0.0,69.99170986,67.49356902,75428,0.0,0.0,0.0,57,WEBER
185,570185,452.5,1054.16424,2.32964473,155.8,14.5,2.3,139.0,285.8211662,0.166666667,14.33333333,1.833333333,0.5,4.166666667,26.0,14.16666667,94.66666667,2.003593199,0.0,97.48671319,30.4975265,47778,0.0,0.0,0.0,57,WEBER
186,570186,342.5,862.3466274,2.517800372,749.7,184.5,6.0,559.2,871.6716536,51.5,133.0,3.666666667,2.333333333,99.33333333,83.33333333,165.0,211.5,2.838723132,0.0,96.1666334,22.9996304,47778,0.0,0.0,0.0,57,WEBER
187,570187,731.6666667,2227.976596,3.045070518,152.8,1.3,2.3,149.2,254.9874218,0.0,1.333333333,2.333333333,0.0,26.66666667,80.16666667,21.83333333,20.5,0.0,0.0,52.82515194,49.32893657,85949,753.0,0.0,0.0,57,WEBER
188,570188,189.8333333,578.4400355,3.047094129,1.3,0.0,0.3,1.0,19.8311803,0.0,0.0,0.333333333,0.0,0.166666667,0.0,0.666666667,0.166666667,0.0,0.0,5.498995848,12.99885112,84050,0.0,0.0,0.0,57,WEBER
189,570189,368.3333333,1159.538195,3.148067497,98.5,0.2,1.0,97.3,136.3293879,0.0,0.166666667,0.833333333,0.166666667,1.5,86.33333333,3.5,6.0,0.0,0.0,12.83170803,24.99767984,63268,0.0,681.0,0.0,57,WEBER
190,570190,409.6666667,1098.669542,2.681862186,2.7,0.0,0.0,2.7,53.32512251,0.0,0.0,0.0,0.0,0.0,0.0,0.166666667,2.5,0.0,0.0,22.99468527,27.66377057,68447,0.0,0.0,0.0,57,WEBER
191,570191,601.0,1567.482488,2.60812394,155.7,30.5,0.8,124.3,228.8165763,16.33333333,14.16666667,0.666666667,0.166666667,9.5,65.16666667,16.0,33.66666667,0.0,0.0,32.48695545,40.66295417,63759,550.0,0.0,0.0,57,WEBER
192,570192,548.8333333,1537.848967,2.802032737,20.3,9.2,0.5,10.7,96.16454751,0.0,9.166666667,0.333333333,0.166666667,4.333333333,3.0,1.333333333,2.0,2.003593199,0.0,36.66451231,37.16310866,70707,0.0,0.0,0.0,57,WEBER
193,570193,173.5,507.5464373,2.925339696,2066.7,152.0,1472.2,442.5,2128.996764,14.66666667,137.3333333,279.6666667,1192.5,19.83333333,132.0,1.666666667,289.0,3.005389799,0.0,47.65894654,11.6657613,62747,0.0,0.0,0.0,57,WEBER
194,570194,151.1666667,442.4541512,2.926929336,2129.7,1.5,1543.2,585.0,2141.165518,0.333333333,1.166666667,1157.166667,386.0,6.0,204.6666667,1.333333333,373.0,0.0,0.0,1.3332011,10.16564995,62747,0.0,0.0,0.0,57,WEBER
195,570195,559.1666667,1493.770743,2.671423087,479.2,36.0,217.2,226.0,586.6538361,11.0,25.0,22.33333333,194.8333333,18.83333333,67.16666667,42.16666667,97.83333333,2.670662357,0.0,67.15359805,37.662909,45645,0.0,0.0,0.0,57,WEBER
196,570196,1659.833333,4254.702376,2.563331083,926.2,86.5,5.7,834.0,1109.968037,23.33333333,63.16666667,5.166666667,0.5,9.833333333,327.6666667,206.0,290.5,1.668865757,0.0,70.14187084,111.990634,63780,1436.0,1149.0,0.0,57,WEBER
197,570197,209.0,528.683439,2.529585833,134.5,10.2,3.8,120.5,203.3316621,1.166666667,9.0,2.0,1.833333333,20.0,23.16666667,26.33333333,51.0,0.834732635,0.0,53.83398321,14.16294621,57050,0.0,0.0,0.0,57,WEBER
198,570198,945.3333333,2639.085911,2.791698778,223.7,94.3,5.2,124.2,470.6221131,37.66666667,56.66666667,1.333333333,3.833333333,20.5,18.33333333,12.33333333,73.0,0.0,0.0,182.9607915,63.994655,57050,0.0,0.0,0.0,57,WEBER
199,570199,440.1666667,1268.551109,2.881979044,474.8,10.0,11.8,453.0,518.4905124,4.166666667,5.833333333,2.166666667,9.666666667,24.0,71.16666667,12.16666667,345.6666667,0.0,0.0,14.15967519,29.49750385,57050,0.0,0.0,0.0,57,WEBER
200,570200,474.3333333,1216.437437,2.564520247,1804.2,763.8,257.2,783.2,1905.805432,573.8333333,190.0,165.6666667,91.5,17.16666667,96.5,37.0,632.5,1.0017966,0.0,68.64088389,31.99608531,61063,624.0,0.0,0.0,57,WEBER
201,570201,684.0,1661.480979,2.429065759,1103.5,304.8,0.7,798.0,1195.984069,202.1666667,102.6666667,0.666666667,0.0,8.666666667,264.1666667,263.3333333,261.8333333,1.336923239,0.0,44.81661394,46.3305322,58354,0.0,0.0,0.0,57,WEBER
202,570202,164.3333333,432.4246801,2.631387506,0.0,0.0,0.0,0.0,19.83451249,0.0,0.0,0.0,0.0,0.0,0.0,0.0,0.0,1.0017966,0.0,7.666666667,11.16604922,58354,0.0,0.0,0.0,57,WEBER
203,570203,329.8333333,896.0345536,2.716628258,21.8,0.0,11.7,10.2,104.5021061,0.0,0.0,11.5,0.166666667,0.166666667,3.0,6.666666667,0.333333333,4.841919033,0.0,55.32879813,22.4980556,59979,0.0,0.0,0.0,57,WEBER
204,570204,548.6666667,1501.794915,2.737171777,353.7,149.7,0.7,203.3,426.9815587,20.16666667,129.5,0.666666667,0.0,11.16666667,89.66666667,38.16666667,64.33333333,0.0,0.0,35.98462881,37.3302632,66466,524.0,0.0,0.0,57,WEBER
205,570205,380.3333333,1106.361925,2.90892706,11.8,0.0,0.5,11.3,78.00232198,0.0,0.0,0.333333333,0.166666667,0.0,4.833333333,6.5,0.0,0.0,0.0,40.50415465,25.664834,66466,0.0,0.0,0.0,57,WEBER
206,570206,36.16666667,98.64610678,2.727542123,0.7,0.0,0.0,0.7,44.16776902,0.0,0.0,0.0,0.0,0.0,0.166666667,0.5,0.0,0.834732635,0.0,40.00041165,2.665958072,66466,0.0,0.0,0.0,57,WEBER
207,570207,1120.833333,2922.897662,2.607789736,286.7,33.0,7.5,246.2,510.8207289,1.0,32.0,7.166666667,0.333333333,68.16666667,23.0,79.33333333,75.66666667,1.0017966,0.0,147.4929592,75.65930646,34574,555.0,0.0,0.0,57,WEBER
208,570208,926.0,2644.549244,2.855884713,116.0,5.5,4.2,106.3,224.1536445,5.5,0.0,0.5,3.666666667,6.0,88.66666667,0.333333333,11.33333333,0.834333438,0.0,44.65796792,62.66134311,54132,428.0,0.0,0.0,57,WEBER
209,570209,1402.5,3653.325432,2.604866618,139.7,17.0,0.8,121.8,253.658251,16.83333333,0.166666667,0.333333333,0.5,3.333333333,9.5,75.33333333,33.66666667,0.0,0.0,19.16742268,94.82416169,33306,0.0,0.0,0.0,57,WEBER
210,570210,631.1666667,1766.525984,2.798826486,1.7,0.0,0.2,1.5,46.49587309,0.0,0.0,0.0,0.166666667,0.166666667,0.333333333,0.166666667,0.833333333,0.0,0.0,2.166428647,42.66277778,45718,0.0,0.0,0.0,57,WEBER
211,570211,254.0,743.5951537,2.927539975,86.7,6.7,9.3,70.7,126.0080252,4.833333333,1.833333333,8.5,0.833333333,7.166666667,30.5,21.5,11.5,6.67804907,0.0,15.3313897,17.33191974,62747,0.0,0.0,0.0,57,WEBER
212,570212,37.66666667,110.2590767,2.927232125,376.2,8.7,4.7,362.8,390.1738595,4.833333333,3.833333333,2.5,2.166666667,23.5,133.0,33.33333333,173.0,3.005389799,0.0,8.50202397,2.499779047,62747,426.0,183.0,183.0,57,WEBER
213,570213,305.1666667,817.9368934,2.680295664,145.3,28.5,1.2,115.7,297.1441052,24.66666667,3.833333333,0.333333333,0.833333333,20.16666667,59.5,0.666666667,35.33333333,6.177644677,0.0,124.8017828,20.83134432,62747,462.0,0.0,0.0,57,WEBER
214,570214,337.3333333,777.0002885,2.303360539,832.3,0.3,7.0,825.0,858.4974649,0.0,0.333333333,4.5,2.5,2.333333333,451.6666667,308.0,63.0,0.0,0.0,3.166164181,22.99796737,45090,503.0,0.0,0.0,57,WEBER
215,570215,0.0,0.0,0.0,5525.5,752.2,1741.3,3032.0,5525.5,722.3333333,29.83333333,1252.333333,489.0,726.8333333,1096.5,17.83333333,1190.833333,0.0,0.0,0.0,0.0,45090,0.0,0.0,0.0,57,WEBER
216,570216,89.33333333,213.1181163,2.385650556,8211.8,103.5,1569.2,6539.2,8221.837618,95.83333333,7.666666667,1012.0,557.1666667,142.3333333,4691.333333,30.83333333,1674.666667,4.007186399,0.0,0.0,5.997097829,45090,0.0,0.0,0.0,57,WEBER
217,570217,1253.166667,3532.13509,2.818567701,156.7,2.3,1.3,153.0,268.8254078,1.0,1.333333333,1.0,0.333333333,10.0,89.66666667,0.166666667,53.16666667,1.669264958,0.0,25.997254,84.49222222,44718,0.0,0.0,0.0,57,WEBER
218,570218,564.0,1616.587817,2.866290456,652.8,190.5,115.3,347.0,773.9742886,178.6666667,11.83333333,107.1666667,8.166666667,44.66666667,50.0,10.83333333,241.5,1.0017966,0.0,81.97578378,38.16337485,44718,0.0,0.0,0.0,57,WEBER
219,570219,962.1666667,2263.405983,2.352405317,1164.5,319.5,8.5,836.5,1295.991359,220.6666667,98.83333333,2.166666667,6.333333333,99.0,125.5,98.83333333,513.1666667,0.0,0.0,66.49681531,64.99454389,31000,425.0,0.0,0.0,57,WEBER
220,570220,795.0,1777.03592,2.235265308,1679.3,475.7,24.8,1178.8,1734.496635,455.3333333,20.33333333,24.16666667,0.666666667,5.5,696.8333333,83.16666667,393.3333333,1.0017966,0.0,0.333254,53.82825066,30234,0.0,0.0,0.0,57,WEBER
221,570221,876.8333333,2013.244024,2.296039564,455.0,138.8,11.8,304.3,538.8244319,133.1666667,5.666666667,10.5,1.333333333,11.16666667,109.8333333,1.333333333,182.0,0.0,0.0,24.82931353,58.99511837,27691,559.0,862.0,0.0,57,WEBER
222,570222,784.0,2011.198961,2.565304797,178.3,74.5,4.5,99.3,241.6678611,73.83333333,0.666666667,1.0,3.5,1.166666667,38.5,3.333333333,56.33333333,3.005389799,0.0,7.50068811,52.82844991,46822,462.0,0.0,0.0,57,WEBER
223,570223,121.1666667,300.9845069,2.484053702,1.7,0.0,0.3,1.3,16.99606507,0.0,0.0,0.333333333,0.0,1.0,0.0,0.0,0.333333333,0.0,0.0,7.163349975,8.166048424,46959,0.0,0.0,0.0,57,WEBER
224,570224,547.5,1378.342824,2.517521139,26.5,1.0,1.0,24.5,67.32945518,0.0,1.0,0.666666667,0.333333333,5.666666667,3.166666667,3.166666667,12.5,0.0,0.0,3.832725061,36.99673012,48047,0.0,0.0,0.0,57,WEBER
225,570225,562.0,1382.738227,2.460388305,16.3,0.5,4.3,11.5,73.65992565,0.166666667,0.333333333,0.166666667,4.166666667,2.0,1.5,0.166666667,7.833333333,0.0,0.0,19.32981744,37.99677488,48151,0.0,0.0,0.0,57,WEBER
226,570226,346.6666667,938.3957427,2.706910796,55.0,28.2,0.3,26.5,86.66534408,27.83333333,0.333333333,0.333333333,0.0,0.0,5.666666667,1.833333333,19.0,0.0,0.0,8.167420884,23.4979232,34092,0.0,0.0,0.0,57,WEBER
227,570227,543.3333333,1335.983485,2.45886531,1091.3,354.3,0.5,736.5,1165.831546,88.83333333,265.5,0.333333333,0.166666667,3.0,163.0,95.66666667,474.8333333,0.0,0.0,37.83459413,36.6636183,36708,3.5,3.5,0.0,57,WEBER
228,570228,367.0,890.4133661,2.426194458,329.7,6.8,20.2,302.7,397.657466,1.166666667,5.666666667,0.666666667,19.5,2.166666667,116.8333333,130.3333333,53.33333333,0.0,0.0,43.15914311,24.83165618,37097,0.0,0.0,1253.0,57,WEBER
229,570229,537.5,1230.611151,2.289509119,640.2,2.3,1.2,636.7,677.830159,0.0,2.333333333,1.0,0.166666667,7.0,480.1666667,78.66666667,70.83333333,0.0,0.0,1.333650819,36.3298415,48456,502.1538462,15.92307692,15.92307692,57,WEBER
230,570230,500.0,1083.955438,2.167910876,9.7,3.0,0.7,6.0,46.32930939,0.666666667,2.333333333,0.666666667,0.0,0.5,3.0,0.833333333,1.666666667,0.0,0.0,2.83264644,33.82999628,51091,0.0,0.0,0.0,57,WEBER
231,570231,696.6666667,1582.854117,2.272039402,7.7,2.8,0.0,4.8,58.16162486,0.833333333,2.0,0.0,0.0,0.166666667,1.5,0.0,3.166666667,0.0,0.0,3.499444621,46.99551357,50361,0.0,0.0,0.0,57,WEBER
232,570232,27.83333333,80.77464721,2.902083133,6.3,0.3,0.2,5.8,31.37447837,0.0,0.333333333,0.0,0.166666667,0.333333333,0.5,4.666666667,0.333333333,23.04132179,0.0,0.0,1.99982325,79557,0.0,0.0,0.0,57,WEBER
233,570233,54.66666667,159.9786065,2.926437923,12.8,4.3,6.5,2.0,24.84735263,4.333333333,0.0,0.0,6.5,0.0,1.833333333,0.0,0.166666667,8.014372797,0.0,0.0,3.999646499,79557,0.0,0.0,0.0,57,WEBER
234,570234,109.1666667,302.2361638,2.768575546,15.8,9.3,3.3,3.2,35.8560705,9.333333333,0.0,3.333333333,0.0,1.166666667,1.166666667,0.166666667,0.666666667,13.0233558,0.0,0.0,6.999381374,79557,0.0,0.0,0.0,57,WEBER
235,570235,67.16666667,190.0937368,2.830179704,1.3,0.0,0.0,1.3,14.18061976,0.0,0.0,0.0,0.0,1.0,0.166666667,0.166666667,0.0,8.014372797,0.0,0.0,4.832913633,79557,0.0,0.0,0.0,57,WEBER
236,570236,92.5,266.6350125,2.882540676,2.5,0.0,0.0,2.5,15.51204595,0.0,0.0,0.0,0.0,1.166666667,0.0,0.166666667,1.166666667,7.012576197,0.0,0.0,5.999469749,79557,0.0,0.0,0.0,57,WEBER
237,570237,44.33333333,129.865886,2.929305699,1.7,0.2,0.2,1.3,10.67718114,0.0,0.166666667,0.166666667,0.0,0.666666667,0.166666667,0.166666667,0.333333333,6.010779598,0.0,0.0,2.999734875,79557,0.0,0.0,0.0,57,WEBER
238,570238,228.6666667,640.8613584,2.802600693,7.7,0.0,6.0,1.7,64.49695873,0.0,0.0,6.0,0.0,0.333333333,1.333333333,0.0,0.0,1.836130037,0.0,39.49539887,15.49876316,79557,0.0,0.0,0.0,57,WEBER
239,570239,7.0,21.64438862,3.092055517,1.7,0.0,0.2,1.5,11.85169663,0.0,0.0,0.166666667,0.0,0.0,0.166666667,1.333333333,0.0,10.18502996,0.0,0.0,0.0,79557,0.0,0.0,0.0,57,WEBER
240,570240,68.33333333,196.8383674,2.880561474,1.5,0.2,0.2,1.2,13.17780418,0.0,0.166666667,0.166666667,0.0,0.166666667,0.166666667,0.666666667,0.166666667,6.678246054,0.0,0.0,4.999558124,79557,0.0,0.0,0.0,57,WEBER
241,570241,97.33333333,281.6921005,2.894096923,23.8,0.0,22.8,1.0,33.6715708,0.0,0.0,0.166666667,22.66666667,0.166666667,0.333333333,0.333333333,0.166666667,3.005389799,0.0,0.0,6.832847668,79557,0.0,0.0,0.0,57,WEBER
242,570242,119.8333333,336.424563,2.807437243,4.2,0.0,0.2,4.0,55.64981141,0.0,0.0,0.166666667,0.0,2.666666667,0.0,0.833333333,0.5,5.341723914,0.0,38.14254909,7.998871734,79557,0.0,0.0,0.0,57,WEBER
243,570243,254.6666667,703.8989162,2.76400098,100.5,1.5,9.0,90.0,217.8135224,1.166666667,0.333333333,2.833333333,6.166666667,7.833333333,13.33333333,0.833333333,68.0,3.005389799,0.0,96.97707774,17.33105486,51279,0.0,0.0,0.0,57,WEBER
244,570244,401.6666667,960.8055174,2.392046931,1159.5,68.2,364.0,727.3,1586.035038,51.16666667,17.0,71.5,292.5,95.83333333,234.8333333,44.5,352.1666667,0.0,0.0,399.3721986,27.16283988,51279,0.0,0.0,0.0,57,WEBER
245,570245,85.5,215.9776666,2.52605458,465.0,2.0,39.3,423.7,493.5076938,1.0,1.0,8.5,30.83333333,5.166666667,343.6666667,1.166666667,73.66666667,6.010581185,0.0,16.6643539,5.832758703,51279,0.0,0.0,0.0,57,WEBER
246,570246,260.8333333,702.9652443,2.695074419,499.5,60.8,189.3,249.3,537.6698045,46.33333333,14.5,126.3333333,63.0,18.66666667,54.16666667,1.166666667,175.3333333,4.340125728,0.0,16.33146926,17.49820953,51279,0.0,0.0,0.0,57,WEBER
247,570247,403.1666667,952.022033,2.361360975,1485.0,97.0,817.2,570.8,1657.920052,60.83333333,36.16666667,372.1666667,445.0,110.5,261.5,46.66666667,152.1666667,0.0,0.0,145.7550405,27.16501181,51279,13.0,3.0,0.0,57,WEBER
248,570248,70.5,185.5515655,2.6319371,322.8,6.3,26.5,290.0,367.1692506,5.666666667,0.666666667,11.83333333,14.66666667,224.0,21.0,8.666666667,36.33333333,7.0117778,0.0,32.49124805,4.832891458,51279,0.0,0.0,0.0,57,WEBER
249,570249,103.8333333,250.6370922,2.413840375,882.7,56.7,293.3,532.7,905.4942882,46.0,10.66666667,129.8333333,163.5,92.33333333,107.6666667,56.83333333,275.8333333,0.0,0.0,15.82821794,6.999403579,51279,0.0,0.0,0.0,57,WEBER
250,570250,51.33333333,139.7473192,2.722350373,2.0,0.0,0.0,2.0,10.34191825,0.0,0.0,0.0,0.0,0.333333333,0.333333333,0.333333333,1.0,5.008982998,0.0,0.0,3.332935247,85322,0.0,0.0,0.0,57,WEBER
251,570251,94.0,290.3169295,3.088477973,7.0,0.0,0.2,6.8,18.00845275,0.0,0.0,0.0,0.166666667,0.333333333,1.0,0.833333333,4.666666667,5.008982998,0.0,0.0,5.999469749,85322,0.0,0.0,0.0,57,WEBER
252,570252,108.6666667,336.5847758,3.097405912,1.2,0.0,0.3,0.8,13.17503104,0.0,0.0,0.333333333,0.0,0.5,0.0,0.166666667,0.166666667,5.008982998,0.0,0.0,6.999381374,85322,0.0,0.0,0.0,57,WEBER
253,570253,23.83333333,68.22711578,2.862676187,1.5,0.0,0.0,1.5,4.501619849,0.0,0.0,0.0,0.0,0.833333333,0.0,0.666666667,0.0,1.0017966,0.0,0.0,1.99982325,85322,0.0,0.0,0.0,57,WEBER
254,570254,188.1666667,549.2679615,2.919050283,6.7,0.0,0.0,6.7,91.48624694,0.0,0.0,0.0,0.0,0.333333333,0.333333333,0.5,5.5,3.507183105,0.0,68.64681318,12.66558399,85322,0.0,0.0,0.0,57,WEBER
255,570255,136.0,380.5157128,2.797909653,80.7,0.2,0.7,79.8,122.17912,0.166666667,0.0,0.5,0.166666667,1.333333333,72.0,4.833333333,1.666666667,6.179831987,0.0,26.16635084,9.166270528,85322,812.0,0.0,0.0,57,WEBER
256,570256,241.8333333,777.6304376,3.215563491,115.2,1.5,0.8,112.8,136.1695602,0.333333333,1.166666667,0.166666667,0.666666667,13.16666667,80.16666667,1.833333333,17.66666667,2.003593199,0.0,3.000714342,15.998586,85322,670.0,287.0,0.0,57,WEBER
257,570257,273.6666667,797.712126,2.914904236,17.5,12.2,0.2,5.2,117.3387783,12.0,0.166666667,0.0,0.166666667,1.0,0.5,3.333333333,0.333333333,4.675844784,0.0,76.66447984,18.49845366,85322,0.0,0.0,0.0,57,WEBER
258,570258,328.8333333,1034.69603,3.14656674,50.7,0.2,1.2,49.3,182.6160498,0.0,0.166666667,0.666666667,0.5,1.833333333,2.166666667,21.16666667,24.16666667,3.840519732,0.0,105.9440081,22.16485537,85322,0.0,0.0,0.0,57,WEBER
259,570259,91.33333333,273.3730344,2.993135413,66.3,0.3,0.5,65.5,115.1569683,0.0,0.333333333,0.5,0.0,0.333333333,10.33333333,1.0,53.83333333,3.338130715,0.0,39.3197225,6.165781735,85322,0.0,0.0,0.0,57,WEBER
260,570260,126.8333333,315.8947005,2.490628388,3313.7,222.8,1670.2,1420.7,3322.333757,209.0,13.83333333,1164.833333,505.3333333,834.6666667,209.5,133.5,243.0,0.0,0.0,0.0,8.667090439,22791,0.0,0.0,0.0,57,WEBER
261,570261,30.0,82.34241583,2.744747194,1502.2,109.5,881.0,511.7,1594.778216,108.6666667,0.833333333,671.5,209.5,88.83333333,151.1666667,14.16666667,257.5,1.0017966,89.60992908,0.0,1.99982325,22791,0.0,0.0,0.0,57,WEBER
262,570262,10.66666667,27.1337174,2.543786006,714.5,16.8,548.0,149.7,715.4999116,16.83333333,0.0,98.0,450.0,11.5,24.83333333,0.0,113.3333333,0.0,0.0,0.0,0.999911625,22791,0.0,0.0,0.0,57,WEBER
263,570263,18.0,47.53094504,2.640608058,618.2,0.7,439.8,177.7,621.5006493,0.666666667,0.0,2.166666667,437.6666667,1.333333333,35.66666667,0.0,140.6666667,0.0,0.0,2.167182581,1.166800041,22791,0.0,0.0,0.0,57,WEBER
264,570264,7.0,13.33176171,1.904537387,4528.0,87.8,2690.3,1749.8,4528.0,24.0,63.83333333,2640.0,50.33333333,96.16666667,721.8333333,29.16666667,902.6666667,0.0,0.0,0.0,0.0,22791,0.0,0.0,0.0,57,WEBER
265,570265,358.5,1021.058572,2.848141066,0.0,0.0,0.0,0.0,134.5245152,0.0,0.0,0.0,0.0,0.0,0.0,0.0,0.0,13.02435261,0.0,97.16835166,24.33181096,81994,0.0,0.0,0.0,57,WEBER
266,570266,173.1666667,483.5675055,2.792497626,1.8,0.0,0.0,1.8,80.99766342,0.0,0.0,0.0,0.0,0.0,0.166666667,1.666666667,0.0,7.84789935,0.0,59.48355898,11.83287176,81994,0.0,0.0,0.0,57,WEBER
267,570267,505.5,1490.041645,2.947659041,2.2,0.0,0.2,2.0,97.34062429,0.0,0.0,0.0,0.166666667,0.5,0.0,1.166666667,0.333333333,7.846909635,0.0,53.16274265,34.16430534,81994,0.0,0.0,0.0,57,WEBER
268,570268,666.5,1998.192123,2.998037694,92.5,2.8,19.5,70.2,332.6372751,2.5,0.333333333,17.0,2.5,10.83333333,14.66666667,37.66666667,7.0,6.342922431,0.0,188.7980192,44.99633339,81994,0.0,0.0,0.0,57,WEBER
269,570269,491.3333333,1421.483449,2.893114211,0.0,0.0,0.0,0.0,203.9929577,0.0,0.0,0.0,0.0,0.0,0.0,0.0,0.0,19.03532352,0.0,151.7930855,33.1645487,80294,0.0,0.0,0.0,57,WEBER
270,570270,599.8333333,1768.102101,2.947655628,39.5,9.8,1.7,28.0,275.8312683,9.166666667,0.666666667,1.666666667,0.0,1.166666667,14.16666667,4.0,8.666666667,10.68603244,0.0,185.3152822,40.32995364,80294,0.0,0.0,0.0,57,WEBER
271,570271,555.5,1558.876756,2.806258786,162.0,12.3,48.2,101.5,296.6757675,12.16666667,0.166666667,22.33333333,25.83333333,2.5,74.83333333,2.5,21.66666667,13.35470827,0.0,83.82439505,37.49666419,80294,634.0,0.0,0.0,57,WEBER
272,570272,483.5,1569.841548,3.246828435,27.5,0.0,0.5,27.0,64.33026784,0.0,0.0,0.5,0.0,13.16666667,3.166666667,1.0,9.666666667,0.667268043,0.0,3.499471403,32.66352839,81969,0.0,0.0,0.0,57,WEBER
273,570273,226.0,724.616774,3.206268912,203.2,0.5,8.7,194.0,218.3319855,0.166666667,0.333333333,5.0,3.666666667,2.333333333,167.8333333,10.83333333,13.0,0.0,0.0,0.0,15.16531886,81969,535.0,1042.0,0.0,57,WEBER
274,570274,383.6666667,1197.968776,3.12242079,8.7,0.0,0.0,8.7,88.99293197,0.0,0.0,0.0,0.0,0.0,1.333333333,0.5,6.833333333,3.172056466,0.0,51.32319543,25.83101341,81969,0.0,0.0,0.0,57,WEBER
275,570275,520.3333333,1588.820145,3.053466006,108.8,2.7,1.2,105.0,190.4833193,0.5,2.166666667,1.166666667,0.0,2.666666667,75.83333333,5.333333333,21.16666667,2.168870953,0.0,44.31776315,35.16335185,81969,818.0,0.0,0.0,57,WEBER
276,570276,1162.666667,3580.102042,3.079216206,351.0,48.5,12.3,290.2,434.4931767,46.16666667,2.333333333,0.833333333,11.5,14.33333333,92.5,16.0,167.3333333,0.0,0.0,5.000225058,78.4929516,67121,697.0,0.0,0.0,57,WEBER
277,570277,364.1666667,979.6152594,2.690019019,142.0,15.2,1.3,125.5,175.9947999,9.333333333,5.833333333,0.333333333,1.0,10.66666667,35.16666667,30.66666667,49.0,0.0,0.0,9.664762755,24.33003712,67121,0.0,0.0,0.0,57,WEBER
278,570278,757.0,2067.346809,2.730973327,474.2,56.5,1.8,415.8,644.116695,28.83333333,27.66666667,1.333333333,0.5,66.33333333,39.0,193.1666667,117.3333333,0.0,0.0,118.7892209,51.16080748,67121,0.0,0.0,0.0,57,WEBER
279,570279,1196.166667,2809.565457,2.348807683,128.3,20.7,21.0,86.7,285.323228,11.5,9.166666667,8.833333333,12.16666667,21.5,18.33333333,19.33333333,27.5,1.836926533,0.0,74.49175214,80.66121602,55904,0.0,0.0,0.0,57,WEBER
280,570280,1314.5,4031.557533,3.066989375,600.7,271.7,9.2,319.8,890.6299034,152.6666667,119.0,7.0,2.166666667,24.16666667,88.66666667,82.16666667,124.8333333,0.0,0.0,201.1357516,88.82748516,59574,554.0,0.0,0.0,57,WEBER
281,570281,865.8333333,1878.189652,2.169227702,127.8,0.0,0.2,127.7,193.3277574,0.0,0.0,0.166666667,0.0,84.16666667,2.666666667,1.0,39.83333333,0.0,0.0,6.999682829,58.49474128,38531,0.0,0.0,0.0,57,WEBER
282,570282,551.8333333,1481.391179,2.684490207,1448.5,12.3,100.0,1336.2,1515.977869,10.66666667,1.666666667,95.66666667,4.333333333,309.3333333,159.5,11.16666667,856.1666667,0.0,0.0,30.48104962,36.99681891,58603,451.0,0.0,0.0,57,WEBER
283,570283,402.5,1092.728143,2.714852529,96.5,0.0,0.3,96.2,124.9964245,0.0,0.0,0.166666667,0.166666667,0.166666667,81.16666667,14.16666667,0.666666667,0.0,0.0,1.498810657,26.99761387,51073,520.0,0.0,0.0,57,WEBER
284,570284,472.6666667,1215.692474,2.571986899,444.7,34.3,6.8,403.5,509.6656122,25.66666667,8.666666667,0.833333333,6.0,21.5,270.8333333,5.333333333,105.8333333,0.0,0.0,33.00177359,31.997172,54372,0.0,804.0,1677.0,57,WEBER
285,570285,793.0,1897.962755,2.393395656,164.7,65.5,17.8,81.3,218.3283392,36.66666667,28.83333333,17.66666667,0.166666667,9.666666667,10.16666667,12.0,49.5,0.0,0.0,0.0,53.66167251,45228,0.0,0.0,0.0,57,WEBER
286,570286,1282.0,3729.897607,2.909436511,57.7,0.0,0.3,57.3,146.8240897,0.0,0.0,0.333333333,0.0,0.833333333,4.333333333,52.0,0.166666667,0.0,0.0,2.831734173,86.32568887,61880,0.0,0.0,0.0,57,WEBER
287,570287,405.8333333,1144.025706,2.818954512,461.3,169.3,0.5,291.5,653.7816294,85.83333333,83.5,0.166666667,0.333333333,12.0,47.16666667,136.3333333,96.0,0.0,0.0,165.1170605,27.33123551,60436,0.0,0.0,0.0,57,WEBER
288,570288,903.8333333,2640.117069,2.92102202,106.3,7.2,5.7,93.5,264.97884,2.166666667,5.0,5.666666667,0.0,3.666666667,5.0,69.33333333,15.5,1.0017966,0.0,96.64976634,60.99394375,71619,0.0,0.0,0.0,57,WEBER
289,570289,740.1666667,2296.494803,3.102672555,0.0,0.0,0.0,0.0,63.82964965,0.0,0.0,0.0,0.0,0.0,0.0,0.0,0.0,0.0,0.0,13.83431233,49.99533732,77648,0.0,0.0,0.0,57,WEBER
290,570290,534.5,1644.169991,3.076089787,388.2,182.7,4.3,201.2,579.9859612,171.8333333,10.83333333,0.166666667,4.166666667,1.666666667,9.0,152.0,38.5,0.0,0.0,155.4890545,36.33024006,77035,0.0,0.0,0.0,57,WEBER
291,570291,480.6666667,1371.131607,2.852562289,210.2,47.8,58.0,104.3,247.9969963,25.16666667,22.66666667,53.33333333,4.666666667,3.166666667,18.83333333,65.33333333,17.0,0.0,0.0,5.499735534,32.33059412,54657,0.0,0.0,0.0,57,WEBER
292,570292,502.5,1344.309118,2.675242025,538.8,0.7,2.0,536.2,576.6626853,0.0,0.666666667,2.0,0.0,2.666666667,231.1666667,260.5,41.83333333,0.0,0.0,3.998890437,33.83046157,58710,522.0,0.0,0.0,57,WEBER
293,570293,611.0,1616.425663,2.645541183,0.0,0.0,0.0,0.0,43.1635592,0.0,0.0,0.0,0.0,0.0,0.0,0.0,0.0,0.0,0.0,2.167182581,40.99637662,55901,0.0,0.0,0.0,57,WEBER
294,570294,539.1666667,1215.223081,2.253891341,427.5,28.3,2.7,396.5,469.9972199,27.0,1.333333333,2.5,0.166666667,4.666666667,299.6666667,29.33333333,62.83333333,0.0,0.0,6.167090065,36.33012983,41229,472.0,0.0,0.0,57,WEBER
295,570295,482.1666667,1056.782792,2.191737557,430.3,37.2,3.5,389.7,483.3286586,21.66666667,15.5,2.5,1.0,37.83333333,13.0,144.6666667,194.1666667,0.0,0.0,20.49899591,32.49632932,41221,0.0,0.0,0.0,57,WEBER
296,570296,741.5,1884.162655,2.541015043,153.2,0.5,1.5,151.2,227.1560663,0.0,0.5,1.166666667,0.333333333,4.833333333,97.0,43.83333333,5.5,0.0,0.0,23.99432828,49.99507137,52568,0.0,863.0,0.0,57,WEBER
297,570297,436.1666667,1069.68511,2.452468727,2104.2,939.2,21.2,1143.8,2244.812909,606.8333333,332.3333333,0.833333333,20.33333333,259.8333333,84.33333333,60.66666667,739.0,0.0,0.0,111.3153165,29.33092565,55590,0.0,0.0,0.0,57,WEBER
298,570298,485.5,1360.774572,2.80283125,358.5,235.8,0.3,122.3,553.5691431,233.3333333,2.5,0.333333333,0.0,1.666666667,14.0,56.5,50.16666667,1.0017966,0.0,161.0703073,32.99703924,70947,0.0,0.0,0.0,57,WEBER
299,570299,638.3333333,1797.577526,2.816048343,8.7,1.0,0.5,7.2,61.99510091,0.0,1.0,0.333333333,0.166666667,0.5,0.166666667,1.666666667,4.833333333,0.0,0.0,10.1658338,43.16260044,69638,0.0,0.0,0.0,57,WEBER
300,570300,569.8333333,1489.848513,2.614533804,0.7,0.0,0.0,0.7,55.32581536,0.0,0.0,0.0,0.0,0.333333333,0.0,0.166666667,0.166666667,0.0,0.0,16.16266208,38.49648661,48391,0.0,0.0,0.0,57,WEBER
301,570301,391.8333333,935.8835915,2.388473649,211.8,0.3,0.5,211.0,247.9971947,0.166666667,0.166666667,0.333333333,0.166666667,0.166666667,51.66666667,130.1666667,29.0,0.0,0.0,9.666336301,26.49752508,55036,377.0,0.0,0.0,57,WEBER
302,570302,484.6666667,1236.887666,2.552037825,1038.3,256.3,1.0,781.0,1108.99951,166.0,90.33333333,0.333333333,0.666666667,12.0,32.5,175.1666667,561.3333333,0.0,0.0,38.00162822,32.66454879,51324,0.0,0.0,0.0,57,WEBER
303,570303,285.1666667,690.7798899,2.422372495,2206.3,365.3,530.7,1310.3,2343.166435,218.0,147.3333333,334.3333333,196.3333333,126.0,622.1666667,32.33333333,529.8333333,1.0017966,0.0,116.6648308,19.16647391,62747,0.0,147.0,245.0,57,WEBER
304,570304,258.5,633.0037483,2.448757247,1260.5,198.2,58.7,1003.7,1757.008487,15.16666667,183.0,13.33333333,45.33333333,142.8333333,343.0,114.5,403.3333333,0.667666771,0.0,478.1730175,17.66780299,51279,0.0,0.0,0.0,57,WEBER
305,570305,390.6666667,931.0090867,2.383129062,507.2,177.8,87.7,241.7,575.4960981,16.16666667,161.6666667,13.66666667,74.0,17.0,78.33333333,10.5,135.8333333,0.668264854,0.0,41.16304348,26.4981231,51279,0.0,0.0,0.0,57,WEBER
306,570306,274.0,672.711974,2.45515319,3146.8,243.5,1963.8,939.5,3167.330079,154.1666667,89.33333333,1857.166667,106.6666667,30.33333333,492.3333333,5.0,411.8333333,0.0,0.0,2.166177439,18.33056781,24635,0.0,0.0,0.0,57,WEBER
307,570307,423.8333333,1087.047181,2.564798696,1653.8,868.3,47.5,738.0,1804.354802,455.0,413.3333333,47.33333333,0.166666667,80.83333333,205.8333333,29.5,421.8333333,0.0,0.0,121.8575427,28.66392592,24635,0.0,10.0,29.0,57,WEBER
308,570308,450.8333333,1188.240371,2.635653319,276.0,54.8,69.7,151.5,350.1595563,33.83333333,21.0,69.5,0.166666667,9.833333333,15.33333333,4.0,122.3333333,0.0,0.0,43.82885202,30.33070428,37824,0.0,0.0,0.0,57,WEBER
309,570309,414.6666667,1004.107626,2.421481414,288.8,149.3,8.3,131.2,327.9955239,65.16666667,84.16666667,1.333333333,7.0,3.833333333,11.33333333,9.166666667,106.8333333,0.0,0.0,11.16490904,27.99728157,26622,0.0,0.0,0.0,57,WEBER
310,570310,341.6666667,930.5372084,2.723523537,50.0,17.7,0.3,32.0,81.66133657,14.66666667,3.0,0.333333333,0.0,2.0,4.166666667,16.16666667,9.666666667,0.0,0.0,8.830346374,22.8309902,38540,0.0,0.0,0.0,57,WEBER
311,570311,490.1666667,1108.080514,2.260619886,234.2,56.5,0.7,177.0,326.4743529,10.0,46.5,0.5,0.166666667,3.666666667,65.83333333,69.5,38.0,0.0,0.0,59.4778237,32.82986252,44917,0.0,733.0,0.0,57,WEBER
312,570312,1021.0,2160.677764,2.116236791,691.0,215.5,1.3,474.2,830.4854406,186.0,29.5,0.166666667,1.166666667,4.0,38.66666667,102.0,329.5,0.0,0.0,70.65833822,68.82710234,44917,0.0,0.0,0.0,57,WEBER
313,570313,12.66666667,27.91643711,2.203929246,184.3,0.2,132.7,51.5,189.5011525,0.166666667,0.0,2.333333333,130.3333333,1.333333333,16.33333333,0.833333333,33.0,1.0017966,0.0,3.499444621,0.666577967,22791,0.0,0.0,0.0,57,WEBER
314,570314,92.0,217.3789693,2.362814884,515.0,3.7,285.0,226.3,521.4983398,2.5,1.166666667,63.0,222.0,7.333333333,73.0,0.166666667,145.8333333,0.0,0.0,0.0,6.498339831,22791,0.0,0.0,0.0,57,WEBER
315,570315,703.0,1792.121987,2.549248915,2689.2,82.0,352.8,2254.3,2860.978262,81.16666667,0.833333333,177.8333333,175.0,86.66666667,301.3333333,15.5,1850.833333,0.0,0.0,124.3151721,47.49642345,22791,0.0,0.0,0.0,57,WEBER
316,570316,277.8333333,682.9521606,2.458136151,653.0,144.5,75.3,433.2,796.4680246,126.8333333,17.66666667,15.16666667,60.16666667,89.66666667,78.83333333,50.83333333,213.8333333,0.0,0.0,124.6352387,18.83278598,22313,0.0,0.0,0.0,57,WEBER
317,570317,473.1666667,1189.867534,2.514690103,1295.3,111.2,348.8,835.3,1479.4223,11.0,100.1666667,90.66666667,258.1666667,127.3333333,197.6666667,146.1666667,364.1666667,0.0,0.0,152.0886922,32.00027489,22313,0.0,0.0,0.0,57,WEBER
318,570318,90.66666667,229.9467933,2.536177867,393.0,286.0,10.7,96.3,455.4954443,272.0,14.0,4.166666667,6.5,21.33333333,13.33333333,8.5,53.16666667,0.0,0.0,56.32824349,6.167200842,22313,0.0,0.0,0.0,57,WEBER
319,570319,323.6666667,746.4248433,2.306152966,518.2,180.7,41.0,296.5,577.3133155,96.0,84.66666667,23.16666667,17.83333333,22.66666667,15.16666667,3.333333333,255.3333333,0.0,0.0,37.14779462,21.99885425,22313,0.0,0.0,0.0,57,WEBER
320,570320,149.3333333,349.8851686,2.34298104,326.5,105.7,3.5,217.3,622.6382563,94.66666667,11.0,0.333333333,3.166666667,17.0,9.166666667,14.66666667,176.5,0.0,0.0,286.1406698,9.997586503,22313,0.0,0.0,0.0,57,WEBER
321,570321,64.33333333,155.8966634,2.423264199,371.8,51.3,10.0,310.5,458.6575913,28.16666667,23.16666667,0.333333333,9.666666667,19.33333333,7.0,2.0,282.1666667,0.0,0.0,82.49169935,4.332558598,22313,0.0,0.0,0.0,57,WEBER
322,570322,231.3333333,397.4457277,1.718065105,1221.0,140.5,133.3,947.2,1236.498298,138.6666667,1.833333333,21.66666667,111.6666667,34.66666667,393.6666667,3.666666667,515.1666667,0.0,0.0,0.0,15.4982979,22313,596.0,255.0,255.0,57,WEBER
323,570323,46.0,74.50175778,1.61960343,74.7,15.7,0.8,58.2,77.66640154,12.83333333,2.833333333,0.0,0.833333333,6.166666667,4.5,1.833333333,45.66666667,0.0,0.0,0.0,2.999734875,22313,0.0,0.0,0.0,57,WEBER
324,570324,143.3333333,335.1701746,2.338396567,166.5,34.7,1.0,130.8,252.1741924,25.0,9.666666667,1.0,0.0,21.16666667,7.833333333,11.66666667,90.16666667,0.0,0.0,75.84129961,9.832892815,26366,0.0,0.0,0.0,57,WEBER
325,570325,43.0,105.2471394,2.447607893,132.0,9.3,13.3,109.3,134.9997125,4.666666667,4.666666667,0.0,13.33333333,27.33333333,3.0,12.16666667,66.83333333,0.0,0.0,0.0,2.999712523,22313,0.0,0.0,0.0,57,WEBER
326,570326,39.33333333,98.0115498,2.491819063,815.5,16.3,10.5,788.7,818.9997533,10.66666667,5.666666667,2.333333333,8.166666667,108.5,25.33333333,42.16666667,612.6666667,0.0,0.0,0.666507999,2.833245312,22313,764.0,327.0,0.0,57,WEBER
327,570327,82.0,147.5873151,1.799845306,1092.5,317.3,0.0,775.2,1098.332662,55.33333333,262.0,0.0,0.0,223.1666667,10.0,5.666666667,536.3333333,0.0,0.0,0.499814957,5.332847108,22313,0.0,0.0,0.0,57,WEBER
328,570328,72.0,198.088646,2.751231195,563.0,31.8,0.5,530.7,576.3305978,20.16666667,11.66666667,0.333333333,0.166666667,64.33333333,179.0,72.83333333,214.5,0.0,0.0,8.498149673,4.832448166,17092,0.0,0.0,0.0,57,WEBER
329,570329,242.1666667,435.701468,1.799180184,1102.7,240.5,170.0,692.2,1141.991896,29.33333333,211.1666667,8.5,161.5,74.66666667,38.66666667,300.8333333,278.0,0.0,0.0,22.82759609,16.49763301,22313,0.0,0.0,0.0,57,WEBER
330,570330,83.33333333,212.0867642,2.545041171,1004.0,317.8,22.0,664.2,1040.339663,13.16666667,304.6666667,10.5,11.5,213.6666667,178.0,59.83333333,212.6666667,0.0,0.0,31.00559597,5.334066817,22313,0.0,0.0,0.0,57,WEBER
331,570331,6.333333333,13.65655749,2.15629855,2392.5,119.2,2.7,2270.7,2392.999978,10.0,109.1666667,2.5,0.166666667,543.0,1578.166667,7.333333333,142.1666667,0.0,0.0,0.0,0.499978002,22313,0.0,0.0,0.0,57,WEBER
332,570332,355.6666667,639.4636804,1.797929748,1490.5,158.7,0.2,1331.7,1527.493138,26.66666667,132.0,0.0,0.166666667,313.8333333,741.6666667,28.5,247.6666667,0.0,0.0,13.16152611,23.8316116,22313,0.0,0.0,0.0,57,WEBER
333,570333,133.0,342.3935607,2.574387675,227.5,23.2,30.2,174.2,285.0010121,5.166666667,18.0,17.5,12.66666667,31.83333333,5.0,22.33333333,115.0,0.0,0.0,48.33516276,9.165849293,24484,0.0,0.0,0.0,57,WEBER
334,570334,42.83333333,89.08732183,2.079859654,658.0,13.7,5.8,638.5,664.3302701,10.66666667,3.0,5.833333333,0.0,92.0,348.6666667,4.833333333,193.0,0.0,0.0,3.330690348,2.999579709,23898,0.0,0.0,0.0,57,WEBER
335,570335,93.16666667,228.8280279,2.456114789,901.5,237.2,0.7,663.7,938.3368778,227.6666667,9.5,0.666666667,0.0,126.3333333,272.1666667,19.16666667,246.0,0.0,0.0,30.50434074,6.332537013,19560,0.0,0.0,0.0,57,WEBER
336,570336,170.8333333,392.5728359,2.297987332,460.8,55.5,0.3,405.0,477.8334539,26.5,29.0,0.333333333,0.0,70.33333333,46.0,15.5,273.1666667,0.0,0.0,5.334603275,11.66551726,16881,0.0,0.0,0.0,57,WEBER
337,570337,372.8333333,783.8882323,2.102516493,333.0,66.5,1.2,265.3,380.3185616,28.5,38.0,0.666666667,0.5,1.833333333,167.8333333,1.0,94.66666667,0.0,0.0,22.15461446,25.16394715,26958,0.0,0.0,0.0,57,WEBER
338,570338,345.0,825.1522412,2.391745627,53.2,6.2,1.0,46.0,85.16185694,3.333333333,2.833333333,0.833333333,0.166666667,2.5,25.5,2.666666667,15.33333333,0.0,0.0,8.664155495,23.33103478,26958,347.0,0.0,0.0,57,WEBER
339,570339,884.6666667,2055.867713,2.323889653,131.5,3.0,0.3,128.2,245.8160088,0.5,2.5,0.333333333,0.0,37.83333333,4.0,49.33333333,37.0,0.0,0.0,54.65564288,59.6603659,15084,0.0,0.0,0.0,57,WEBER
340,570340,456.8333333,999.5549636,2.188007947,416.2,16.2,13.5,386.5,461.6596821,6.833333333,9.333333333,5.166666667,8.333333333,100.8333333,177.5,53.0,55.16666667,0.0,0.0,14.82942108,30.66359435,14752,573.0,0.0,0.0,57,WEBER
341,570341,181.8333333,461.1140481,2.535915938,440.2,60.0,3.7,376.5,467.3298256,58.83333333,1.166666667,3.333333333,0.333333333,11.83333333,329.1666667,6.0,29.5,0.0,0.0,14.83115204,12.33200691,37610,7.0,98.5,98.5,57,WEBER
342,570342,588.0,1561.690167,2.655935658,185.8,127.7,9.3,48.8,242.6596195,16.33333333,111.3333333,9.333333333,0.0,1.666666667,23.0,1.5,22.66666667,0.0,0.0,17.16311029,39.66317586,37610,0.0,0.0,0.0,57,WEBER
343,570343,846.0,1959.286772,2.31594181,23.2,0.2,0.2,22.8,125.9850289,0.166666667,0.0,0.166666667,0.0,4.833333333,1.0,10.0,7.0,0.0,0.0,45.6570212,57.16134104,24960,0.0,0.0,0.0,57,WEBER
344,570344,498.8333333,1265.557635,2.537035019,249.5,66.5,22.5,160.5,310.9915993,63.16666667,3.333333333,21.83333333,0.666666667,39.0,15.0,29.33333333,77.16666667,0.0,0.0,27.99451566,33.49708362,40147,0.0,0.0,0.0,57,WEBER
345,570345,3.0,6.587422624,2.195807541,287.2,99.3,1.0,186.8,293.498995,1.0,98.33333333,0.666666667,0.333333333,4.166666667,124.0,4.833333333,53.83333333,0.0,0.0,6.332328361,0.0,33160,0.0,0.0,0.0,57,WEBER
346,570346,713.0,1610.990121,2.259453185,525.5,281.7,4.3,239.5,621.4859269,172.0,109.6666667,1.0,3.333333333,70.83333333,113.0,1.5,54.16666667,0.0,0.0,47.98861603,47.99731089,33160,438.0,0.0,0.0,57,WEBER
347,570347,313.3333333,695.9159773,2.221008438,0.0,0.0,0.0,0.0,25.83060901,0.0,0.0,0.0,0.0,0.0,0.0,0.0,0.0,0.0,0.0,4.6658204,21.16478861,46658,0.0,0.0,0.0,57,WEBER
348,570348,446.6666667,1066.220843,2.387061588,95.3,34.8,0.2,60.3,129.8313171,34.16666667,0.666666667,0.166666667,0.0,11.0,2.166666667,11.83333333,35.33333333,0.0,0.0,4.500634971,29.99734875,48432,0.0,0.0,0.0,57,WEBER
349,570349,190.1666667,437.747615,2.301915592,4.7,0.0,0.0,4.7,20.16432845,0.0,0.0,0.0,0.0,0.166666667,0.166666667,1.166666667,3.166666667,0.0,0.0,2.498810657,12.99885112,46658,0.0,0.0,0.0,57,WEBER
350,570350,133.0,323.8762434,2.435159725,1383.7,64.0,625.7,694.0,1449.655284,46.16666667,17.83333333,232.6666667,393.0,56.33333333,148.0,19.83333333,469.8333333,0.0,0.0,56.9897016,8.998916025,25616,0.0,0.0,0.0,57,WEBER
351,570351,409.3333333,1177.415041,2.87642111,511.3,61.2,80.7,369.5,617.9808685,58.83333333,2.333333333,70.33333333,10.33333333,88.5,9.166666667,62.33333333,209.5,0.0,0.0,78.98360926,27.66392589,25616,0.0,0.0,0.0,57,WEBER
352,570352,113.1666667,288.5956399,2.550182385,762.8,107.0,8.0,647.8,803.996443,71.0,36.0,7.166666667,0.833333333,169.0,4.833333333,67.5,406.5,0.0,0.0,33.49690627,7.666203413,16723,0.0,0.0,0.0,57,WEBER
353,570353,165.5,412.9566392,2.495206279,322.2,41.0,90.8,190.3,350.4965138,30.0,11.0,1.0,89.83333333,29.33333333,29.66666667,4.5,126.8333333,0.0,0.0,17.1644851,11.16536203,16723,0.0,0.0,0.0,57,WEBER
354,570354,741.0,1830.395289,2.470169081,335.5,8.8,0.8,325.8,422.8283147,8.0,0.833333333,0.833333333,0.0,21.33333333,4.666666667,209.6666667,90.16666667,0.0,0.0,37.33213461,49.99618008,20503,0.0,0.0,0.0,57,WEBER
355,570355,655.3333333,1639.010845,2.501033843,76.0,54.3,0.3,21.3,122.8282596,47.5,6.833333333,0.166666667,0.166666667,3.5,2.5,2.5,12.83333333,0.0,0.0,2.665503602,44.16275599,35099,0.0,0.0,0.0,57,WEBER
356,570356,462.3333333,1435.741699,3.105425448,26.7,9.7,1.0,16.0,69.15955635,9.5,0.166666667,0.0,1.0,1.166666667,1.0,4.0,9.833333333,0.0,0.0,11.32898482,31.16390486,28107,0.0,0.0,0.0,57,WEBER
357,570357,479.6666667,1302.269961,2.714947799,80.2,11.8,0.2,68.2,145.492649,9.5,2.333333333,0.166666667,0.0,1.0,1.5,39.0,26.66666667,0.0,0.0,33.16227668,32.1637057,31963,285.0,84.0,0.0,57,WEBER
358,570358,423.8333333,1093.513266,2.580054894,333.7,47.0,0.3,286.3,362.830668,24.83333333,22.16666667,0.0,0.333333333,3.5,24.83333333,160.8333333,97.16666667,0.0,0.0,0.500119057,28.66388225,28998,0.0,0.0,0.0,57,WEBER
359,570359,447.3333333,1091.004382,2.438906965,199.0,1.3,0.5,197.2,231.8308768,1.166666667,0.166666667,0.0,0.5,4.333333333,6.833333333,83.83333333,102.1666667,0.0,0.0,2.666772579,30.16410417,40152,0.0,0.0,0.0,57,WEBER
360,570360,235.8333333,570.2863114,2.418175172,95.8,41.3,0.3,54.2,117.3313793,41.0,0.333333333,0.166666667,0.166666667,0.666666667,45.33333333,4.0,4.166666667,0.0,0.0,5.832660313,15.66538563,58565,0.0,45.0,125.0,57,WEBER
361,570361,644.6666667,1592.904606,2.470896493,264.0,11.8,10.8,241.3,308.1630441,0.333333333,11.5,0.333333333,10.5,28.66666667,137.1666667,28.66666667,46.83333333,0.0,0.0,0.5,43.66304408,58743,324.0,0.0,1310.0,57,WEBER
362,570362,282.6666667,708.6226367,2.506919705,0.0,0.0,0.0,0.0,39.4925367,0.0,0.0,0.0,0.0,0.0,0.0,0.0,0.0,0.0,0.0,20.6609047,18.831632,58841,0.0,0.0,0.0,57,WEBER
363,570363,251.8333333,615.9406413,2.445826504,1176.8,154.3,114.8,907.7,1281.329041,136.6666667,17.66666667,17.83333333,97.0,222.0,132.0,213.8333333,339.8333333,0.0,0.0,87.49623422,16.99947326,24658,0.0,0.0,0.0,57,WEBER
364,570364,560.1666667,1334.734581,2.382745458,6000.8,3444.2,42.3,2514.3,6417.097081,2526.0,918.1666667,8.666666667,33.66666667,440.3333333,615.6666667,261.5,1196.833333,0.0,0.0,378.4325298,37.83121746,67028,0.0,0.0,0.0,57,WEBER
365,570365,244.1666667,617.4884555,2.528962958,532.2,127.8,12.7,391.7,612.9946361,126.6666667,1.166666667,2.666666667,10.0,30.66666667,6.666666667,188.6666667,165.6666667,0.0,0.0,64.32925029,16.49871914,23624,0.0,0.0,0.0,57,WEBER
366,570366,267.3333333,721.9315103,2.700491934,252.0,164.0,0.7,87.3,285.4954125,162.8333333,1.166666667,0.333333333,0.333333333,6.5,3.5,21.33333333,56.0,0.0,0.0,15.33042573,18.1649868,27995,0.0,0.0,0.0,57,WEBER
367,570367,108.6666667,265.7370372,2.445432858,645.8,264.8,49.2,331.8,955.1724109,260.6666667,4.166666667,35.0,14.16666667,97.5,70.5,43.83333333,120.0,0.0,0.0,301.8375896,7.501487992,23624,0.0,0.0,0.0,57,WEBER
368,570368,229.3333333,626.4118438,2.731446993,910.8,286.7,11.2,613.0,957.1599074,245.8333333,40.83333333,0.5,10.66666667,123.3333333,12.83333333,113.8333333,363.0,0.0,0.0,30.82816587,15.49840821,23624,0.0,0.0,0.0,57,WEBER
369,570369,217.8333333,586.4277645,2.692093793,636.7,124.3,8.8,503.5,670.9947155,81.0,43.33333333,8.833333333,0.0,38.0,46.33333333,40.0,379.1666667,0.0,0.0,19.49615219,14.8318966,27995,0.0,0.0,0.0,57,WEBER
370,570370,445.8333333,1232.004909,2.763375497,3.0,0.2,0.0,2.8,32.99734875,0.166666667,0.0,0.0,0.0,0.0,0.166666667,0.333333333,2.333333333,0.0,0.0,0.0,29.99734875,36988,0.0,0.0,0.0,57,WEBER
371,570371,522.8333333,1442.800106,2.759579419,43.5,0.5,0.5,42.5,78.83008507,0.0,0.5,0.333333333,0.166666667,0.333333333,6.0,5.333333333,30.83333333,0.0,0.0,0.0,35.33008507,34340,0.0,0.0,0.0,57,WEBER
372,570372,272.6666667,768.0630689,2.816857221,124.0,0.0,0.2,123.8,144.8311907,0.0,0.0,0.0,0.166666667,0.333333333,59.33333333,61.66666667,2.5,0.0,0.0,2.499603301,18.33158745,36988,1140.0,0.0,0.0,57,WEBER
373,570373,965.0,2364.425152,2.450181505,467.7,47.2,0.2,420.3,657.6450275,13.33333333,33.83333333,0.0,0.166666667,59.83333333,8.833333333,187.1666667,164.5,0.0,0.0,124.9838171,64.99454377,40767,0.0,0.0,0.0,57,WEBER
374,570374,595.8333333,1274.548919,2.139103081,108.7,3.8,1.5,103.3,163.6658453,1.666666667,2.166666667,0.166666667,1.333333333,1.5,5.5,53.66666667,42.66666667,0.0,0.0,14.83502677,40.16415183,24196,0.0,0.0,0.0,57,WEBER
375,570375,146.6666667,344.585914,2.349449414,21.3,1.0,1.0,19.3,33.66543911,1.0,0.0,0.666666667,0.333333333,2.0,2.166666667,12.66666667,2.5,0.0,0.0,2.16632286,10.16578292,66628,0.0,0.0,0.0,57,WEBER
376,570376,469.0,1153.752202,2.460026017,421.8,3.5,6.2,412.2,467.3291663,0.166666667,3.333333333,5.166666667,1.0,58.0,99.0,186.6666667,68.5,0.0,0.0,13.99857245,31.49726055,66628,385.0,893.0,0.0,57,WEBER
377,570377,417.5,1101.647859,2.638677506,2378.2,1028.2,1.8,1348.2,2483.134109,750.8333333,277.3333333,1.666666667,0.166666667,260.6666667,52.33333333,326.0,709.1666667,0.0,0.0,76.80384872,28.16359347,33258,0.0,0.0,0.0,57,WEBER
378,570378,321.6666667,827.1969271,2.571596665,77.0,26.7,0.3,50.0,131.1564823,13.66666667,13.0,0.333333333,0.0,4.0,0.5,10.83333333,34.66666667,0.0,0.0,32.49138317,21.66509915,32297,0.0,0.0,0.0,57,WEBER
379,570379,197.5,500.3291863,2.533312335,334.3,77.3,0.0,257.0,381.6630675,33.16666667,44.16666667,0.0,0.0,28.66666667,125.0,28.33333333,75.0,0.0,0.0,33.99772688,13.33200726,32881,107.0,0.0,0.0,57,WEBER
380,570380,511.6666667,1344.925833,2.628519543,25.7,0.0,4.2,21.5,124.1553705,0.0,0.0,0.0,4.166666667,0.333333333,0.5,3.833333333,16.83333333,0.0,0.0,63.82524124,34.66346257,44103,0.0,0.0,0.0,57,WEBER
381,570381,239.5,557.7490082,2.32880588,146.3,0.2,0.0,146.2,162.4988745,0.0,0.166666667,0.0,0.0,8.0,2.666666667,55.66666667,79.83333333,0.0,0.0,0.0,16.16554115,43158,0.0,0.0,0.0,57,WEBER
382,570382,648.1666667,1556.350469,2.401157833,6491.7,110.0,200.7,6181.0,6558.145531,23.16666667,86.83333333,1.5,199.1666667,872.6666667,165.3333333,3960.666667,1182.333333,0.0,0.0,22.81628591,43.66257844,44605,13.0,4.0,2.0,57,WEBER
383,570383,342.0,878.9510741,2.57003238,2825.0,77.3,20.2,2727.5,2866.997074,11.0,66.33333333,0.0,20.16666667,0.833333333,2629.833333,31.33333333,65.5,0.0,0.0,18.9989956,22.99807816,94525,36.0,0.0,0.0,57,WEBER
384,570384,214.0,507.8571681,2.373164337,354.3,150.5,6.8,197.0,370.4987451,16.16666667,134.3333333,0.0,6.833333333,7.666666667,32.66666667,71.0,85.66666667,0.0,0.0,1.50002651,14.66538521,58069,0.0,0.0,0.0,57,WEBER
385,570385,373.3333333,945.4543181,2.532466923,12.7,0.7,2.3,9.7,68.15525262,0.666666667,0.0,1.666666667,0.666666667,1.5,2.5,2.166666667,3.5,0.0,0.0,30.32423939,25.16434656,69953,0.0,0.0,0.0,57,WEBER
386,570386,1225.666667,3279.886184,2.676001782,113.0,16.0,5.7,91.3,264.318655,14.83333333,1.166666667,1.333333333,4.333333333,3.166666667,46.33333333,0.666666667,41.16666667,0.0,0.0,68.49303382,82.82562114,58467,511.0,226.0,226.0,57,WEBER
387,570387,670.3333333,1651.093969,2.463093937,196.7,88.8,17.2,90.7,391.473778,84.16666667,4.666666667,0.0,17.16666667,54.5,9.5,2.0,24.66666667,0.0,0.0,149.4776661,45.32944521,67028,0.0,0.0,0.0,57,WEBER
388,570388,488.8333333,1201.699315,2.458300678,1870.5,1368.5,43.2,458.8,1963.982561,1196.666667,171.8333333,3.166666667,40.0,46.83333333,91.66666667,3.666666667,316.6666667,0.0,0.0,60.48634277,32.99621856,44261,0.0,0.0,0.0,57,WEBER
389,570389,322.3333333,748.24914,2.321352037,640.7,477.0,0.0,163.7,663.1633748,292.0,185.0,0.0,0.0,18.33333333,9.333333333,3.166666667,132.8333333,0.0,0.0,0.66656088,21.83014723,32702,0.0,0.0,0.0,57,WEBER
390,570390,199.3333333,555.2263973,2.785416709,99.0,5.5,0.0,93.5,130.1657133,5.333333333,0.166666667,0.0,0.0,9.5,53.5,1.666666667,28.83333333,0.0,0.0,17.83344006,13.33227322,33258,318.0,0.0,0.0,57,WEBER
391,570391,1.0,2.823181125,2.823181125,190.0,3.7,0.0,186.3,190.0,3.666666667,0.0,0.0,0.0,2.666666667,5.333333333,0.5,177.8333333,0.0,0.0,0.0,0.0,55738,0.0,0.0,0.0,57,WEBER
392,570392,467.3333333,1203.614696,2.57549507,86.3,15.5,1.2,69.7,117.9969723,14.83333333,0.666666667,0.666666667,0.5,6.0,46.33333333,5.833333333,11.5,0.0,0.0,0.0,31.66363894,47371,0.0,0.0,0.0,57,WEBER
393,570393,621.0,1541.142127,2.48171035,110.2,4.3,0.3,105.5,152.1629549,4.333333333,0.0,0.333333333,0.0,3.666666667,61.16666667,34.33333333,6.333333333,0.0,0.0,0.0,41.99628824,55738,560.0,0.0,0.0,57,WEBER
394,570394,703.5,1694.22887,2.40828553,352.3,29.5,3.2,319.7,440.1559024,28.66666667,0.833333333,0.333333333,2.833333333,3.666666667,52.83333333,170.6666667,92.5,0.0,0.0,40.32643422,47.49613485,50311,333.0,838.0,0.0,57,WEBER
395,570395,581.6666667,1465.433938,2.519370668,344.5,3.3,3.2,338.0,410.9878876,1.833333333,1.5,2.0,1.166666667,222.3333333,26.83333333,29.16666667,59.66666667,0.0,0.0,27.15622634,39.33166123,70100,0.0,0.0,0.0,57,WEBER
396,570396,622.0,1561.537295,2.510510121,110.8,0.8,20.5,89.5,165.4935392,0.0,0.833333333,0.5,20.0,0.833333333,1.833333333,69.5,17.33333333,0.0,0.0,12.49738392,42.16282195,63592,0.0,0.0,0.0,57,WEBER
397,570397,280.8333333,585.4972376,2.084856632,1704.3,282.0,17.3,1405.0,1761.968125,135.5,146.5,3.0,14.33333333,51.5,229.0,725.5,399.0,0.0,0.0,38.46986997,19.16492143,58069,0.0,4.0,3.0,57,WEBER
398,570398,206.3333333,502.3742881,2.434770379,365.0,59.2,0.0,305.8,378.9987627,2.0,57.16666667,0.0,0.0,70.5,6.166666667,21.5,207.6666667,0.0,0.0,0.0,13.99876275,63046,0.0,0.0,0.0,57,WEBER
399,570399,1.0,3.764241499,3.764241499,19.3,6.8,2.0,10.5,19.33333333,0.0,6.833333333,0.0,2.0,1.333333333,0.833333333,2.666666667,5.666666667,0.0,0.0,0.0,0.0,40940,0.0,0.0,0.0,57,WEBER
400,570400,231.1666667,586.0633218,2.535241479,3035.2,75.5,120.0,2839.7,3136.500524,37.66666667,37.83333333,24.0,96.0,175.8333333,143.3333333,57.66666667,2462.833333,0.0,0.0,85.83227729,15.50157976,40940,0.0,0.0,0.0,57,WEBER
401,570401,856.6666667,2107.326013,2.459913634,877.3,284.7,3.5,589.2,1000.994908,282.6666667,2.0,1.833333333,1.666666667,96.5,128.8333333,58.0,305.8333333,4.675252366,0.0,61.15851474,57.82780757,40940,492.0,0.0,0.0,57,WEBER
402,570402,0.0,0.0,0.0,0.0,0.0,0.0,0.0,0.0,0.0,0.0,0.0,0.0,0.0,0.0,0.0,0.0,0.0,0.0,0.0,0.0,40940,0.0,0.0,0.0,57,WEBER
403,570403,745.0,1753.014942,2.353040191,2091.8,1752.8,9.7,329.3,2307.045892,1453.333333,299.5,0.833333333,8.833333333,32.83333333,85.83333333,58.0,152.6666667,0.0,0.0,164.8913588,50.32119941,32702,0.0,0.0,0.0,57,WEBER
404,570404,307.8333333,791.1282604,2.569988935,571.8,121.0,23.3,427.5,674.6518607,112.6666667,8.333333333,6.166666667,17.16666667,39.5,161.5,169.6666667,56.83333333,0.0,0.0,82.32007279,20.49845457,32112,0.0,0.0,0.0,57,WEBER
405,570405,869.8333333,2148.751817,2.470302913,223.3,0.3,0.3,222.7,295.1576319,0.166666667,0.166666667,0.0,0.333333333,4.666666667,148.8333333,19.5,49.66666667,0.0,0.0,12.99624592,58.82805262,21723,0.0,0.0,1368.0,57,WEBER
406,570406,473.8333333,1186.518364,2.504083779,22.2,0.2,0.7,21.3,60.66139339,0.166666667,0.0,0.5,0.166666667,0.0,10.83333333,9.0,1.5,0.0,0.0,6.497554728,31.997172,39220,0.0,0.0,0.0,57,WEBER
407,570407,474.8333333,1117.820453,2.354132228,155.5,0.0,0.7,154.8,188.8304003,0.0,0.0,0.0,0.666666667,0.5,152.0,0.0,2.333333333,0.0,0.0,1.49976198,31.83063829,51266,508.0,655.0,0.0,57,WEBER
408,570408,267.6666667,517.8958039,1.934853564,659.7,98.5,5.3,555.8,681.9958057,98.33333333,0.166666667,4.166666667,1.166666667,92.83333333,24.33333333,323.1666667,115.5,0.0,0.0,4.330729794,17.99840925,34074,0.0,0.0,0.0,57,WEBER
409,570409,461.8333333,1231.67835,2.666932551,164.3,3.2,1.3,159.8,244.4751998,0.333333333,2.833333333,0.833333333,0.5,63.5,21.66666667,72.33333333,2.333333333,0.0,0.0,48.97820585,31.16366064,73054,0.0,0.0,0.0,57,WEBER
410,570410,14.83333333,38.58383827,2.601157636,2185.0,22.8,20.5,2141.7,2187.001708,9.0,13.83333333,0.333333333,20.16666667,61.66666667,348.8333333,1583.833333,147.3333333,1.0017966,0.0,0.0,0.999911625,73054,0.0,0.0,0.0,57,WEBER
411,570411,415.1666667,918.6365438,2.212693401,1231.8,8.7,5.5,1217.7,1304.997107,6.166666667,2.5,5.166666667,0.333333333,85.16666667,548.6666667,280.1666667,303.6666667,0.0,0.0,45.33293685,27.83083663,51734,490.0,0.0,0.0,57,WEBER
412,570412,1138.333333,2611.12254,2.293811895,940.7,4.7,0.5,935.5,1049.002786,0.0,4.666666667,0.5,0.0,45.66666667,137.5,386.1666667,366.1666667,5.34331124,0.0,26.16619108,76.82661668,53935,0.0,0.0,0.0,57,WEBER
413,570413,1033.166667,2330.981235,2.256152187,2531.2,330.2,0.3,2200.7,2612.493933,206.5,123.6666667,0.166666667,0.166666667,200.3333333,116.1666667,691.0,1193.166667,0.0,0.0,11.5016934,69.82557268,53995,0.0,0.0,0.0,57,WEBER
414,570414,486.6666667,1330.813232,2.734547737,415.8,53.3,2.5,360.0,499.4984207,52.83333333,0.5,2.0,0.5,148.8333333,32.66666667,80.5,98.0,2.671852387,0.0,48.16279587,32.8304391,60016,0.0,0.0,0.0,57,WEBER
415,570415,1018.166667,2633.562793,2.586573377,852.2,57.2,155.3,639.7,956.4950563,26.83333333,30.33333333,153.1666667,2.166666667,95.83333333,56.16666667,284.6666667,203.0,0.0,0.0,35.66742199,68.66096767,82280,0.0,0.0,0.0,57,WEBER
416,570416,223.6666667,544.2329021,2.433232051,1819.3,353.5,1.2,1464.7,1840.662591,206.6666667,146.8333333,0.0,1.166666667,126.3333333,35.66666667,478.3333333,824.3333333,0.0,0.0,5.998136654,15.33112068,71957,0.0,0.0,0.0,57,WEBER
417,570417,1780.333333,4727.755039,2.655544864,977.5,207.2,26.8,743.5,1389.707182,30.33333333,176.8333333,18.0,8.833333333,30.0,51.0,504.6666667,157.8333333,0.0,0.0,292.2168111,119.9903708,79794,578.0,0.0,0.0,57,WEBER
418,570418,1485.333333,3467.320929,2.334372259,841.0,78.5,13.5,749.0,1005.150666,41.33333333,37.16666667,13.16666667,0.333333333,77.83333333,14.5,346.8333333,309.8333333,0.0,0.0,63.99359114,100.1570747,46989,20.0,0.0,0.0,57,WEBER
419,570419,455.0,1326.569623,2.915537632,142.0,0.3,0.7,141.0,210.9854513,0.0,0.333333333,0.5,0.166666667,0.5,80.0,49.83333333,10.66666667,0.500601377,0.0,37.8211226,30.66372732,113921,720.0,0.0,0.0,57,WEBER
420,570420,318.1666667,877.8461131,2.759076311,140.0,14.2,48.7,77.2,188.4961042,0.166666667,14.0,30.0,18.66666667,28.83333333,5.833333333,4.666666667,37.83333333,0.0,0.0,27.16473748,21.3313667,71463,0.0,0.0,0.0,57,WEBER
424,110424,70.5,220.9343981,3.133821249,5.0,0.7,0.7,3.7,42.79905516,0.333333333,0.333333333,0.333333333,0.333333333,1.0,0.166666667,0.333333333,2.166666667,32.80063958,0.0,0.0,4.998415574,84752,0.0,0.0,0.0,11,DAVIS
425,110425,156.8333333,462.4268773,2.948524191,0.0,0.0,0.0,0.0,75.71198927,0.0,0.0,0.0,0.0,0.0,0.0,0.0,0.0,11.21240323,0.0,53.33675534,11.1628307,84752,0.0,0.0,0.0,11,DAVIS
426,110426,1045.833333,3209.10958,3.068471312,314.5,152.3,22.7,139.5,596.5671372,6.833333333,145.5,15.5,7.166666667,34.66666667,69.16666667,2.333333333,33.33333333,21.92756396,0.0,186.6630896,73.47648373,84752,0.0,0.0,0.0,11,DAVIS
427,110427,1393.666667,4395.049401,3.153587229,85.2,9.2,0.8,75.2,364.5410203,0.333333333,8.833333333,0.333333333,0.5,16.83333333,10.0,0.5,47.83333333,16.23596403,0.0,165.003378,98.13501156,84752,0.0,0.0,0.0,11,DAVIS
428,110428,279.0,837.7720208,3.0027671,52.8,0.8,2.2,49.8,232.4397982,0.5,0.333333333,0.166666667,2.0,15.0,8.166666667,6.833333333,19.83333333,25.77476532,0.0,134.1713539,19.6603456,60789,0.0,0.0,0.0,11,DAVIS
429,110429,522.3333333,1505.009369,2.881319788,26.0,0.2,1.3,24.5,333.8422706,0.0,0.166666667,0.0,1.333333333,1.0,1.333333333,3.833333333,18.33333333,2.175441084,0.0,268.8454545,36.82137501,60789,0.0,0.0,0.0,11,DAVIS
430,110430,647.5,2004.924347,3.096408258,20.0,2.2,3.2,14.7,418.6993941,0.333333333,1.833333333,0.333333333,2.833333333,3.166666667,1.5,2.0,8.0,10.71101567,0.0,342.3361717,45.65220669,60789,0.0,0.0,0.0,11,DAVIS
431,110431,413.1666667,1280.398515,3.098987934,4.0,0.0,0.0,4.0,105.3854412,0.0,0.0,0.0,0.0,0.0,0.166666667,0.166666667,3.666666667,16.05870409,0.0,56.50199299,28.8247441,60789,0.0,0.0,0.0,11,DAVIS
432,110432,406.5,1232.424042,3.031793462,66.3,2.3,7.8,56.2,133.326717,0.0,2.333333333,0.333333333,7.5,1.166666667,10.0,5.833333333,39.16666667,0.668980129,0.0,37.83342634,28.49097717,60789,0.0,0.0,0.0,11,DAVIS
433,110433,353.1666667,1145.843514,3.244483758,2.3,0.2,0.3,1.8,30.83652361,0.0,0.166666667,0.166666667,0.166666667,0.166666667,0.0,0.0,1.666666667,2.844421213,0.0,0.83324112,24.82552794,65223,0.0,0.0,0.0,11,DAVIS
434,110434,860.1666667,2660.903114,3.093473877,441.3,223.2,9.8,208.3,502.3143149,142.3333333,80.83333333,9.5,0.333333333,0.5,73.16666667,0.5,134.1666667,0.0,0.0,0.499944672,60.4810369,65223,753.0,0.0,0.0,11,DAVIS
435,110435,929.8333333,2885.63243,3.103386733,282.2,61.8,2.7,217.7,371.3176498,19.66666667,42.16666667,2.666666667,0.0,2.333333333,15.66666667,87.66666667,112.0,1.00415764,0.0,22.83408966,65.3127358,71023,0.0,0.0,0.0,11,DAVIS
436,110436,425.5,1265.206048,2.973457222,65.2,9.5,23.8,31.8,173.5271948,1.333333333,8.166666667,19.5,4.333333333,5.0,10.5,1.0,15.33333333,8.539255395,0.0,69.83042909,29.99084362,71023,0.0,0.0,0.0,11,DAVIS
437,110437,183.1666667,526.4776186,2.87430911,24.2,15.2,0.7,8.3,71.69032868,14.33333333,0.833333333,0.5,0.166666667,0.0,1.333333333,4.666666667,2.333333333,5.189309194,0.0,29.50488876,12.82946406,61955,0.0,0.0,0.0,11,DAVIS
438,110438,287.8333333,835.1645031,2.901555888,3.2,0.0,3.0,0.2,51.49193655,0.0,0.0,0.0,3.0,0.166666667,0.0,0.0,0.0,0.0,0.0,28.16484086,20.16042902,61955,0.0,0.0,0.0,11,DAVIS
439,110439,107.3333333,306.3319129,2.854024033,1388.0,877.8,3.0,507.2,1396.330961,662.8333333,215.0,1.5,1.5,18.66666667,205.8333333,158.5,124.1666667,0.0,0.0,0.833379448,7.497581684,61955,0.0,0.0,0.0,11,DAVIS
440,110440,379.5,1099.161455,2.896341119,144.7,62.5,0.7,81.5,178.323883,60.16666667,2.333333333,0.166666667,0.5,2.5,62.5,4.166666667,12.33333333,0.0,0.0,6.665772222,26.9914441,61955,1087.0,0.0,0.0,11,DAVIS
441,110441,396.1666667,1152.948182,2.910260451,61.7,3.8,0.2,57.7,96.32355688,3.833333333,0.0,0.0,0.166666667,7.333333333,48.66666667,1.333333333,0.333333333,0.0,0.0,6.665763002,27.99112722,71214,450.0,0.0,0.0,11,DAVIS
442,110442,194.0,543.072011,2.799340263,1587.8,1098.5,0.0,489.3,1744.187413,929.5,169.0,0.0,0.0,13.0,61.33333333,47.66666667,367.3333333,1.506471103,0.0,141.1852617,13.66234704,71214,0.0,0.0,0.0,11,DAVIS
443,110443,129.5,384.7263397,2.970859766,112.8,42.0,0.3,70.5,186.3756809,15.33333333,26.66666667,0.166666667,0.166666667,46.33333333,11.16666667,2.166666667,10.83333333,9.705929609,0.0,54.83905318,8.997364759,71214,0.0,0.0,0.0,11,DAVIS
444,110444,349.6666667,1012.773032,2.896395708,1.0,0.0,0.2,0.8,57.15757424,0.0,0.0,0.166666667,0.0,0.333333333,0.166666667,0.166666667,0.166666667,0.0,0.0,31.66541299,24.49216126,71214,0.0,0.0,0.0,11,DAVIS
445,110445,493.8333333,1440.018776,2.916001571,58.8,3.2,3.3,52.3,98.15603977,3.166666667,0.0,0.166666667,3.166666667,1.333333333,5.0,33.33333333,12.66666667,0.0,0.0,4.500230581,34.82247585,63703,0.0,0.0,0.0,11,DAVIS
446,110446,605.3333333,1719.057724,2.839853067,399.2,7.7,82.7,308.8,445.4867338,5.833333333,1.833333333,82.66666667,0.0,46.5,112.5,8.333333333,141.5,0.0,0.0,3.833259563,42.48680761,46986,0.0,0.0,0.0,11,DAVIS
447,110447,323.1666667,923.6047423,2.857982699,7.3,0.0,0.5,6.8,38.65959976,0.0,0.0,0.333333333,0.166666667,6.0,0.5,0.0,0.333333333,0.0,0.0,8.500221451,22.82604497,52589,0.0,0.0,0.0,11,DAVIS
448,110448,455.8333333,1231.085184,2.70073532,942.3,284.5,7.2,650.7,979.9901754,276.6666667,7.833333333,0.333333333,6.833333333,157.6666667,151.5,157.5,184.0,0.0,0.0,5.500249021,32.15659306,50881,266.0,0.0,0.0,11,DAVIS
449,110449,693.8333333,1917.097596,2.763052025,240.2,58.0,1.3,180.8,334.9835611,24.16666667,33.83333333,0.333333333,1.0,6.0,65.33333333,13.33333333,96.16666667,0.0,0.0,46.16593851,48.65095591,36720,377.0,0.0,0.0,11,DAVIS
450,110450,601.8333333,1549.004271,2.573809368,5.7,0.0,0.8,4.8,50.82048464,0.0,0.0,0.666666667,0.166666667,0.0,0.0,0.333333333,4.5,0.0,0.0,2.833960593,42.31985738,56313,0.0,0.0,0.0,11,DAVIS
451,110451,515.6666667,1447.526838,2.807097941,7.3,3.3,0.2,3.8,52.82207236,3.166666667,0.166666667,0.0,0.166666667,0.0,0.5,1.5,1.833333333,0.0,0.0,9.16698034,36.32175869,66438,0.0,0.0,0.0,11,DAVIS
452,110452,554.0,1441.146193,2.601346918,325.5,21.3,36.8,267.3,411.8229587,21.0,0.333333333,5.666666667,31.16666667,6.666666667,130.6666667,15.5,114.5,0.0,0.0,47.50181708,38.82114159,39009,0.0,955.0,0.0,11,DAVIS
453,110453,515.5,1405.300828,2.726092779,312.2,80.2,39.8,192.2,387.4903419,70.16666667,10.0,27.16666667,12.66666667,4.833333333,67.16666667,23.33333333,96.83333333,0.0,0.0,39.16778271,36.15589257,43903,374.0,0.0,0.0,11,DAVIS
454,110454,477.3333333,1474.345576,3.088712798,359.5,48.0,2.0,309.5,400.1560428,47.33333333,0.666666667,0.666666667,1.333333333,57.83333333,94.0,49.33333333,108.3333333,0.0,0.0,7.000000114,33.65604268,53632,503.0,0.0,0.0,11,DAVIS
455,110455,591.6666667,1536.524641,2.596943056,234.3,146.0,4.7,83.7,323.3233743,24.16666667,121.8333333,4.166666667,0.5,33.83333333,3.333333333,3.0,43.5,0.0,0.0,47.33678357,41.65325743,38924,0.0,0.0,0.0,11,DAVIS
456,110456,283.8333333,844.4519883,2.975168485,64.0,31.3,24.0,8.7,91.84569204,31.0,0.333333333,0.166666667,23.83333333,0.666666667,2.0,0.333333333,5.666666667,4.01847474,0.0,3.833905232,19.99331207,50381,0.0,0.0,0.0,11,DAVIS
457,110457,484.1666667,1418.689777,2.930168213,237.0,2.8,1.3,232.8,284.8520449,0.0,2.833333333,0.833333333,0.5,2.333333333,116.3333333,83.16666667,31.0,5.861508396,0.0,8.001577364,33.98895909,68590,802.0,0.0,0.0,11,DAVIS
458,110458,647.6666667,1970.122743,3.041877627,350.2,4.2,3.0,343.0,494.4881618,0.833333333,3.333333333,1.0,2.0,61.83333333,195.0,41.0,45.16666667,0.836105932,0.0,97.83348279,45.65190645,68590,842.0,1240.0,0.0,11,DAVIS
459,110459,1029.5,2832.048033,2.750896584,591.7,81.7,82.0,428.0,1115.203949,32.33333333,49.33333333,74.83333333,7.166666667,73.16666667,109.0,39.5,206.3333333,20.59100392,0.0,430.8026107,72.14366761,79472,0.0,0.0,0.0,11,DAVIS
460,110460,1480.0,3830.401391,2.588109048,2135.2,316.8,56.2,1762.2,2820.568487,97.66666667,219.1666667,24.0,32.16666667,717.5,339.5,148.0,557.1666667,17.06607829,0.0,564.3671141,103.9686284,78901,0.0,0.0,0.0,11,DAVIS
461,110461,770.8333333,2076.572028,2.69393128,1578.5,70.0,18.5,1490.0,1741.0541,13.33333333,56.66666667,6.5,12.0,699.6666667,200.6666667,212.3333333,377.3333333,18.23920591,0.0,90.1651552,54.14973869,78901,0.0,0.0,0.0,11,DAVIS
462,110462,947.0,2803.743359,2.960658246,950.7,355.5,99.5,495.7,1206.692789,263.0,92.5,2.333333333,97.16666667,175.5,155.5,108.3333333,56.33333333,11.88461006,0.0,177.6628604,66.47865207,78901,0.0,1178.0,0.0,11,DAVIS
463,110463,377.8333333,1082.77198,2.86573969,114.3,32.3,10.8,71.2,180.1695937,16.5,15.83333333,2.666666667,8.166666667,12.16666667,17.5,0.666666667,40.83333333,2.341191993,0.0,36.83677419,26.65829421,45488,0.0,0.0,0.0,11,DAVIS
464,110464,615.6666667,1732.374077,2.813818208,391.8,262.0,0.5,129.3,447.6547693,242.1666667,19.83333333,0.0,0.5,2.666666667,31.5,66.0,29.16666667,0.0,0.0,12.50167874,43.31975728,45488,0.0,0.0,0.0,11,DAVIS
465,110465,1135.666667,3258.44935,2.869195201,124.2,19.7,0.5,104.0,236.311535,16.33333333,3.333333333,0.333333333,0.166666667,36.0,4.666666667,5.166666667,58.16666667,0.0,0.0,32.33576843,79.80909992,62935,0.0,0.0,0.0,11,DAVIS
466,110466,423.8333333,1061.068563,2.503504277,756.8,24.8,115.2,616.8,931.8347921,4.666666667,20.16666667,87.66666667,27.5,131.8333333,268.1666667,8.333333333,208.5,4.182371324,0.0,140.9952607,29.82382667,49173,684.0,0.0,0.0,11,DAVIS
467,110467,1822.333333,5407.561712,2.967383416,901.0,161.7,9.0,730.3,1266.322774,117.3333333,44.33333333,2.333333333,6.666666667,201.8333333,203.1666667,136.6666667,188.6666667,4.18468227,0.0,233.0120699,128.1260219,65365,2462.0,293.0,0.0,11,DAVIS
468,110468,121.0,256.2816916,2.118030509,10981.0,319.2,7296.2,3365.7,11056.86198,218.3333333,100.8333333,5750.5,1545.666667,141.6666667,1205.666667,384.3333333,1634.0,8.366137836,0.0,58.99874697,8.497097989,32909,0.0,0.0,0.0,11,DAVIS
469,110469,598.6666667,1610.488647,2.690125803,549.0,188.3,9.2,351.5,637.8176687,59.33333333,129.0,4.166666667,5.0,71.16666667,74.5,17.16666667,188.6666667,0.0,0.0,46.66444467,42.15322408,46032,0.0,0.0,0.0,11,DAVIS
470,110470,260.6666667,593.5735994,2.277136571,747.0,203.2,3.3,540.5,803.1566389,194.1666667,9.0,0.833333333,2.5,164.3333333,42.66666667,108.8333333,224.6666667,0.0,0.0,37.99629329,18.1603456,29080,0.0,0.0,0.0,11,DAVIS
471,110471,918.0,2368.034686,2.579558482,3341.5,178.7,39.0,3123.8,3473.808183,118.1666667,60.5,0.666666667,38.33333333,793.3333333,414.1666667,340.5,1575.833333,0.0,0.0,67.99589735,64.31228556,50395,464.0,0.0,0.0,11,DAVIS
472,110472,1415.833333,3294.594581,2.326964978,1536.5,342.8,10.7,1183.0,1745.141248,148.3333333,194.5,2.166666667,8.5,52.66666667,115.5,109.1666667,905.6666667,1.00415764,0.0,108.1684287,99.46866187,31402,0.0,0.0,0.0,11,DAVIS
473,110473,670.6666667,1652.472778,2.463925613,1953.7,126.3,1.8,1825.5,2211.844439,63.16666667,63.16666667,0.666666667,1.166666667,77.5,504.0,365.1666667,878.8333333,0.0,0.0,211.0261495,47.15162283,40149,549.0,1023.0,1863.0,11,DAVIS
474,110474,0.0,0.0,0.0,884.0,51.2,22.8,810.0,884.0,18.33333333,32.83333333,4.666666667,18.16666667,274.3333333,148.0,150.0,237.6666667,0.0,0.0,0.0,0.0,42810,0.0,0.0,0.0,11,DAVIS
475,110475,0.0,0.0,0.0,2121.0,48.4,11.6,2061.1,2121.0,32.59841349,15.77342588,1.051561725,10.51561725,1485.856718,110.4139812,78.8671294,385.9231532,0.0,0.0,0.0,0.0,42810,0.0,0.0,0.0,11,DAVIS
476,110476,0.0,0.0,0.0,22.2,18.2,0.2,3.8,22.16666667,0.0,18.16666667,0.0,0.166666667,1.833333333,0.833333333,0.333333333,0.833333333,0.0,0.0,0.0,0.0,42810,0.0,0.0,0.0,11,DAVIS
477,110477,0.0,0.0,0.0,90.0,0.2,34.8,55.0,90.0,0.0,0.166666667,0.166666667,34.66666667,37.33333333,3.333333333,1.333333333,13.0,0.0,0.0,0.0,0.0,42810,0.0,0.0,0.0,11,DAVIS
478,110478,0.0,0.0,0.0,0.5,0.0,0.2,0.3,1.50415764,0.0,0.0,0.166666667,0.0,0.0,0.333333333,0.0,0.0,1.00415764,0.0,0.0,0.0,42810,0.0,0.0,0.0,11,DAVIS
479,110479,238.8333333,514.3531082,2.153606873,201.8,0.2,0.2,201.5,219.4945023,0.166666667,0.0,0.166666667,0.0,30.0,56.0,4.166666667,111.3333333,0.0,0.0,0.666556017,16.99461295,41959,497.0,0.0,0.0,11,DAVIS
480,110480,0.0,0.0,0.0,21282.0,69.0,124.0,21089.0,21282.0,20.0,49.0,10.0,114.0,3227.5,16280.0,9.333333333,1572.166667,0.0,0.0,0.0,0.0,42810,0.0,0.0,0.0,11,DAVIS
481,110481,774.8333333,2213.02243,2.856127034,207.3,17.8,25.0,164.5,570.282524,0.5,17.33333333,3.166666667,21.83333333,28.5,89.0,5.333333333,41.66666667,32.46362041,0.0,275.8371827,54.6483875,68233,773.0,0.0,0.0,11,DAVIS
482,110482,621.8333333,1887.92659,3.036065276,60.5,0.5,3.2,56.8,152.3318463,0.333333333,0.166666667,0.166666667,3.0,3.5,47.33333333,4.0,2.0,2.509243701,0.0,45.66981214,43.65279044,68233,0.0,0.0,0.0,11,DAVIS
483,110483,536.8333333,1506.086851,2.80550174,933.7,88.2,238.0,607.5,1012.587724,82.83333333,5.333333333,85.66666667,152.3333333,64.66666667,177.0,102.8333333,263.0,23.93265757,0.0,17.33367464,37.65472509,56213,0.0,0.0,0.0,11,DAVIS
484,110484,432.0,1292.143966,2.991073996,1588.5,122.0,107.3,1359.2,1863.118882,51.0,71.0,24.83333333,82.5,455.3333333,411.5,72.83333333,419.5,30.45760593,0.0,213.8374655,30.3238101,56213,787.0,0.0,0.0,11,DAVIS
485,110485,14.66666667,42.17499769,2.875568024,472.0,12.7,5.3,454.0,600.3060105,5.333333333,7.333333333,0.333333333,5.0,48.16666667,43.0,331.5,31.33333333,0.0,121.3063291,6.166648261,0.833033123,71222,0.0,0.0,0.0,11,DAVIS
486,110486,0.0,0.0,0.0,35.3,11.3,0.8,23.2,155.414346,3.333333333,8.0,0.166666667,0.666666667,2.5,6.333333333,6.833333333,7.5,0.0,120.0810127,0.0,0.0,71222,0.0,0.0,0.0,11,DAVIS
487,110487,790.6666667,2338.667776,2.957842886,146.7,10.7,1.2,134.8,215.6538291,8.166666667,2.5,0.5,0.666666667,21.66666667,53.5,49.5,10.16666667,1.00415764,0.0,12.33376685,55.64923798,75974,472.0,202.0,0.0,11,DAVIS
488,110488,959.8333333,2834.729168,2.953355618,208.0,1.0,0.7,206.3,280.6500059,0.5,0.5,0.0,0.666666667,140.1666667,13.16666667,5.666666667,47.33333333,1.00415764,0.0,4.333813003,67.31203528,89651,0.0,0.0,0.0,11,DAVIS
489,110489,62.0,190.4886858,3.072398158,69.2,2.3,1.2,65.7,78.83975767,0.5,1.833333333,0.666666667,0.5,22.5,11.0,21.0,11.16666667,2.174525327,0.0,3.166666667,4.331899013,111403,0.0,0.0,90.0,11,DAVIS
490,110490,1250.166667,3912.579437,3.129646263,846.8,6.7,6.5,833.7,1093.68781,1.166666667,5.5,2.0,4.5,125.3333333,391.6666667,224.8333333,91.83333333,49.05038065,0.0,109.8330493,87.97104657,64628,997.0,0.0,0.0,11,DAVIS
491,110491,1075.333333,3227.385762,3.001288681,30.0,0.2,0.2,29.7,606.6089573,0.0,0.166666667,0.166666667,0.0,4.666666667,21.0,2.0,2.0,28.27938713,0.0,472.6872702,75.64229993,64628,0.0,0.0,0.0,11,DAVIS
492,110492,761.3333333,2329.822904,3.060187703,412.0,138.8,9.8,263.3,528.316047,84.16666667,54.66666667,4.166666667,5.666666667,19.0,7.5,56.66666667,180.1666667,0.0,0.0,62.83280864,53.48323841,73054,0.0,0.0,0.0,11,DAVIS
493,110493,864.5,2628.539181,3.040531152,575.0,113.3,8.5,453.2,722.3304009,54.16666667,59.16666667,5.833333333,2.666666667,14.16666667,140.5,93.83333333,204.6666667,3.346275538,0.0,83.00385564,60.98026971,72854,0.0,0.0,0.0,11,DAVIS
494,110494,831.6666667,2600.60557,3.126980646,126.0,60.5,20.2,45.3,217.3208732,59.33333333,1.166666667,5.333333333,14.83333333,7.666666667,7.333333333,3.0,27.33333333,1.840263573,0.0,31.16585578,58.31475384,73352,0.0,0.0,2098.0,11,DAVIS
495,110495,576.5,1910.844879,3.314561802,236.7,216.5,0.0,20.2,319.1561798,216.5,0.0,0.0,0.0,3.166666667,8.666666667,0.166666667,8.166666667,0.0,0.0,41.83580541,40.65370773,73497,0.0,0.0,0.0,11,DAVIS
496,110496,713.5,2318.79215,3.249883883,582.3,228.5,8.2,345.7,686.501894,131.5,97.0,6.833333333,1.333333333,4.166666667,119.8333333,45.33333333,176.3333333,3.345349634,0.0,50.50592206,50.31728896,72512,740.0,0.0,0.0,11,DAVIS
497,110497,1000.833333,3245.157436,3.242455389,1607.0,90.0,890.3,626.7,1678.815276,77.0,13.0,852.0,38.33333333,15.33333333,188.3333333,140.3333333,282.6666667,1.00415764,0.0,0.499917012,70.31120142,64621,0.0,0.0,0.0,11,DAVIS
498,110498,792.5,2565.860564,3.237678945,157.7,14.0,1.2,142.5,233.9845643,0.5,13.5,0.333333333,0.833333333,11.83333333,71.0,51.83333333,7.833333333,0.668523508,0.0,20.00028621,55.64908789,71920,909.0,0.0,0.0,11,DAVIS
499,110499,1387.5,4541.182158,3.272924078,530.3,42.5,42.2,445.7,673.8339818,42.16666667,0.333333333,14.5,27.66666667,184.5,43.83333333,117.3333333,100.0,7.029103483,0.0,38.83591636,97.6356286,65495,0.0,4.0,28.0,11,DAVIS
500,110500,537.8333333,1822.956958,3.389445847,74.8,5.0,0.5,69.3,160.184355,5.0,0.0,0.0,0.5,1.166666667,4.666666667,61.5,2.0,6.526790021,0.0,41.00317345,37.82105824,94178,0.0,0.0,0.0,11,DAVIS
501,110501,379.0,1191.921265,3.144910988,178.0,11.0,7.8,159.2,252.7121137,3.5,7.5,6.166666667,1.666666667,71.66666667,29.83333333,3.0,54.66666667,10.8818248,0.0,37.17239496,26.65789396,54058,0.0,0.0,0.0,11,DAVIS
502,110502,821.0,2683.230637,3.268246817,177.5,1.5,2.0,174.0,263.4957015,1.166666667,0.333333333,1.333333333,0.666666667,10.5,137.0,0.5,26.0,2.346242582,0.0,26.00108848,57.64837041,94178,0.0,1312.0,0.0,11,DAVIS
503,110503,600.6666667,1769.673913,2.946182984,634.5,63.3,5.7,565.5,851.3862625,28.16666667,35.16666667,3.666666667,2.0,122.5,214.6666667,19.16666667,209.1666667,12.2188693,0.0,162.5139857,42.15340753,54058,1057.0,0.0,0.0,11,DAVIS
504,110504,1762.333333,4652.243097,2.63982018,626.5,253.3,9.3,363.8,916.9611148,236.0,17.33333333,1.666666667,7.666666667,60.0,69.5,11.33333333,223.0,0.168051708,0.0,166.1660237,124.1270394,52488,364.0,0.0,0.0,11,DAVIS
505,110505,1781.833333,4155.219774,2.331991268,4086.2,932.8,10.5,3142.8,4481.620697,728.6666667,204.1666667,4.833333333,5.666666667,67.0,235.5,2531.333333,309.0,0.0,0.0,270.1574222,125.2966078,31447,0.0,0.0,0.0,11,DAVIS
506,110506,8.666666667,27.24743542,3.143934856,51.7,3.7,3.3,44.7,119.1612252,2.0,1.666666667,0.5,2.833333333,4.0,16.83333333,1.833333333,22.0,0.0,0.0,66.82814202,0.666416502,64628,0.0,0.0,0.0,11,DAVIS
507,110507,760.3333333,2337.173238,3.073879752,7.5,0.5,0.8,6.2,267.256152,0.333333333,0.166666667,0.166666667,0.666666667,1.833333333,1.333333333,0.5,2.5,24.26322585,0.0,182.1771381,53.31578799,64628,0.0,0.0,0.0,11,DAVIS
508,110508,329.5,1053.281101,3.196604251,269.0,21.2,6.7,241.2,468.3846645,21.0,0.166666667,0.666666667,6.0,25.0,162.6666667,1.333333333,52.16666667,15.22533529,0.0,161.0001677,23.15916145,80267,1624.0,308.0,0.0,11,DAVIS
509,110509,586.1666667,1827.751875,3.118143659,16.2,1.5,0.3,14.3,151.7205975,1.166666667,0.333333333,0.0,0.333333333,2.333333333,3.666666667,0.666666667,7.666666667,16.23087797,0.0,78.00296185,41.32009098,80267,0.0,0.0,0.0,11,DAVIS
510,110510,425.0,1308.048217,3.07776051,795.3,40.2,6.8,748.3,898.5183441,40.16666667,0.0,6.0,0.833333333,497.6666667,212.8333333,12.33333333,25.5,7.198070949,0.0,65.99701345,29.9899264,80267,1066.0,0.0,0.0,11,DAVIS
511,110511,635.1666667,2142.776336,3.373565473,18.3,12.2,0.0,6.2,171.1805149,11.83333333,0.333333333,0.0,0.0,3.833333333,0.833333333,0.166666667,1.333333333,3.5143171,0.0,104.6806411,44.65222338,80267,0.0,0.0,0.0,11,DAVIS
512,110512,717.8333333,1929.391866,2.68779921,4203.8,377.7,2300.5,1525.7,4292.670536,376.6666667,1.0,328.3333333,1972.166667,416.0,205.3333333,11.16666667,893.1666667,4.686526448,0.0,33.50143882,50.64923789,63524,382.0,164.0,0.0,11,DAVIS
513,110513,1847.166667,4603.632687,2.492267087,4119.8,2510.0,73.5,1536.3,4778.457221,2127.333333,382.6666667,15.33333333,58.16666667,333.1666667,199.5,103.1666667,900.5,0.500002516,0.0,528.3302461,129.7936393,32720,0.0,0.0,0.0,11,DAVIS
514,110514,587.3333333,1734.900408,2.953859945,157.7,15.3,2.0,140.3,249.8289614,13.33333333,2.0,0.0,2.0,30.5,67.0,9.166666667,33.66666667,1.339335152,0.0,49.50251846,41.32044109,63524,604.0,0.0,0.0,11,DAVIS
515,110515,1491.333333,4081.663041,2.736922021,712.5,74.5,16.3,621.7,934.6512393,44.83333333,29.66666667,2.5,13.83333333,224.5,18.33333333,40.16666667,338.6666667,4.350892316,0.0,113.0011538,104.7991931,60315,0.0,0.0,0.0,11,DAVIS
516,110516,1058.333333,3600.251439,3.401812384,309.2,28.5,5.5,275.2,541.1257946,18.0,10.5,2.5,3.0,35.0,47.0,8.666666667,184.5,33.97514973,0.0,123.5083117,74.47566652,82693,0.0,0.0,0.0,11,DAVIS
517,110517,590.6666667,1931.379578,3.269829985,72.3,0.8,5.7,65.8,120.6638429,0.333333333,0.5,2.333333333,3.333333333,7.833333333,8.0,25.5,24.5,2.510618596,0.0,4.167017149,41.65287382,124667,0.0,0.0,0.0,11,DAVIS
518,110518,55.33333333,163.2349095,2.950028484,1654.2,196.5,272.0,1185.7,1688.67143,189.3333333,7.166666667,113.8333333,158.1666667,503.3333333,106.3333333,35.0,541.0,2.343492793,0.0,28.32948824,3.831782278,105973,0.0,0.0,0.0,11,DAVIS
519,110519,489.1666667,1667.279229,3.408407283,26.2,0.7,0.5,25.0,152.500237,0.0,0.666666667,0.5,0.0,0.166666667,0.666666667,3.833333333,20.33333333,4.685143923,0.0,87.32606741,34.32235905,124667,0.0,0.0,0.0,11,DAVIS
520,110520,420.6666667,1523.784746,3.622309223,696.2,10.2,69.0,617.0,748.4887884,5.666666667,4.5,13.83333333,55.16666667,13.0,147.5,53.5,403.0,0.0,0.0,22.83146146,29.49066023,105973,0.0,0.0,0.0,11,DAVIS
521,110521,308.1666667,1100.47161,3.5710274,21.8,0.0,0.7,21.2,90.52186844,0.0,0.0,0.666666667,0.0,18.33333333,0.333333333,1.166666667,1.333333333,7.027261821,0.0,40.00141131,21.65986197,83056,0.0,0.0,0.0,11,DAVIS
522,110522,456.1666667,1473.97849,3.231227964,281.2,0.8,5.2,275.2,395.7133792,0.333333333,0.5,0.833333333,4.333333333,16.33333333,246.1666667,2.666666667,10.0,10.37537902,0.0,72.01482374,32.15650974,124667,1463.0,1343.0,0.0,11,DAVIS
523,110523,732.0,2613.548684,3.5704217,243.2,10.7,0.8,231.7,373.998174,9.333333333,1.333333333,0.666666667,0.166666667,13.5,106.5,3.0,108.6666667,1.508312765,0.0,78.00608906,51.3171055,105973,1042.0,0.0,0.0,11,DAVIS
524,110524,1017.0,2409.012895,2.368744243,1399.3,285.3,3.5,1110.5,1542.30026,284.1666667,1.166666667,0.333333333,3.166666667,856.5,69.16666667,18.16666667,166.6666667,0.0,0.0,71.32155834,71.64536835,61587,0.0,0.0,0.0,11,DAVIS
525,110525,1627.333333,3815.481007,2.344621676,660.0,8.3,27.5,624.2,1033.481751,0.333333333,8.0,25.66666667,1.833333333,143.0,152.8333333,104.6666667,223.6666667,1.00415764,0.0,258.0132842,114.4643087,33920,0.0,10.0,772.0,11,DAVIS
526,110526,1581.833333,3771.93635,2.384534622,4655.8,929.7,9.8,3716.3,5280.809787,546.3333333,383.3333333,8.0,1.833333333,825.5,386.3333333,393.0,2111.5,0.0,0.0,513.6771111,111.299343,23217,0.0,926.0,0.0,11,DAVIS
527,110527,1959.0,4789.015185,2.444622351,9299.0,3188.3,119.8,5990.8,10266.76914,1232.0,1956.333333,43.66666667,76.16666667,782.5,520.3333333,354.5,4333.5,0.336103416,0.0,829.8126829,137.6203518,49950,694.0,0.0,0.0,11,DAVIS
528,110528,1477.333333,3696.582141,2.502199103,824.3,161.0,24.0,639.3,1877.685278,92.83333333,68.16666667,3.0,21.0,88.0,228.5,88.66666667,234.1666667,0.0,0.0,949.3850011,103.9669439,41375,558.0,0.0,1807.0,11,DAVIS
529,110529,572.0,1677.615847,2.932894838,1041.5,243.7,193.0,604.8,1159.86243,137.5,106.1666667,87.33333333,105.6666667,104.3333333,112.3333333,32.16666667,356.0,8.867987046,0.0,69.17391784,40.32052463,76550,28.0,0.0,0.0,11,DAVIS
530,110530,1938.5,5356.190774,2.763059466,888.2,243.8,19.5,624.8,1136.956956,191.3333333,52.5,19.16666667,0.333333333,144.3333333,77.83333333,87.83333333,314.8333333,0.0,0.0,112.4994021,136.2908873,59447,0.0,1.0,0.0,11,DAVIS
531,110531,246.5,717.1700032,2.909411778,50.2,3.0,0.0,47.2,134.0166782,3.0,0.0,0.0,0.0,23.66666667,4.666666667,1.666666667,17.16666667,4.684684786,0.0,61.83761397,17.3277128,78290,0.0,0.0,0.0,11,DAVIS
532,110532,824.5,2505.796415,3.03917091,105.5,13.0,0.3,92.2,171.1521516,12.83333333,0.166666667,0.333333333,0.0,47.0,2.333333333,22.0,20.83333333,0.336103416,0.0,7.501060876,57.8149873,79717,0.0,0.0,0.0,11,DAVIS
533,110533,997.1666667,2876.77025,2.884944258,43.0,0.0,0.0,43.0,151.815027,0.0,0.0,0.0,0.0,0.0,42.33333333,0.333333333,0.333333333,0.0,0.0,38.8372257,69.9778013,79651,609.0,0.0,0.0,11,DAVIS
534,110534,1067.833333,3002.447519,2.811719231,140.3,0.8,13.3,126.2,281.1687898,0.0,0.833333333,0.5,12.83333333,46.0,52.16666667,9.5,18.5,7.361980196,0.0,58.49705927,74.97641703,88417,0.0,0.0,0.0,11,DAVIS
535,110535,1615.833333,4703.720417,2.911018309,983.5,102.5,9.8,871.2,1232.137069,75.16666667,27.33333333,1.666666667,8.166666667,8.166666667,185.3333333,554.6666667,123.0,2.679137072,0.0,132.3272401,113.6306919,77429,603.0,0.0,0.0,11,DAVIS
536,110536,351.5,1034.22647,2.942322817,24.3,14.2,4.3,5.8,86.32559712,5.333333333,8.833333333,0.166666667,4.166666667,2.5,0.0,0.5,2.833333333,0.0,0.0,37.5000191,24.49224468,79377,0.0,0.0,0.0,11,DAVIS
537,110537,459.6666667,1315.588137,2.86204816,24.0,0.5,0.3,23.2,197.6305819,0.0,0.5,0.333333333,0.0,1.166666667,0.833333333,0.5,20.66666667,0.166666667,121.3063291,19.83464326,32.32294284,79377,0.0,0.0,0.0,11,DAVIS
538,110538,724.1666667,1791.5357,2.473927319,293.3,58.0,1.5,233.8,531.4873539,9.5,48.5,0.666666667,0.833333333,5.166666667,162.1666667,2.833333333,63.66666667,0.0,0.0,187.170165,50.98385559,52973,348.0,938.0,0.0,11,DAVIS
539,110539,531.1666667,1420.122535,2.673591218,1318.8,61.8,11.3,1245.7,1443.492298,13.83333333,48.0,9.0,2.333333333,42.5,773.6666667,48.16666667,381.3333333,1.337950111,0.0,86.16532172,37.15569242,16208,0.0,0.0,1967.0,11,DAVIS
540,110540,263.3333333,664.7253265,2.524273392,693.2,85.3,13.3,594.5,860.1654155,61.66666667,23.66666667,1.833333333,11.5,30.66666667,19.83333333,71.16666667,472.8333333,0.0,0.0,148.5048363,18.4939125,16208,0.0,0.0,0.0,11,DAVIS
541,110541,1510.833333,3952.880068,2.616357463,703.3,95.8,1.2,606.3,821.4671984,18.5,77.33333333,0.5,0.666666667,49.16666667,77.33333333,20.16666667,459.6666667,0.0,0.0,12.00108845,106.1327766,35483,422.0,0.0,0.0,11,DAVIS
542,110542,1670.5,4699.114876,2.812999028,740.3,209.8,23.7,506.8,988.3101386,148.1666667,61.66666667,13.0,10.66666667,67.66666667,192.1666667,59.33333333,187.6666667,1.505545198,0.0,129.0085526,117.4627075,72583,584.0,0.0,0.0,11,DAVIS
543,110543,1635.333333,4750.268944,2.904771062,472.8,106.0,44.5,322.3,671.9658922,77.16666667,28.83333333,6.333333333,38.16666667,25.33333333,11.66666667,139.0,146.3333333,0.0,0.0,84.00215047,115.1304084,68337,0.0,0.0,0.0,11,DAVIS
544,110544,1315.833333,3853.181898,2.928320632,359.3,160.8,113.2,85.3,676.99157,153.3333333,7.5,0.666666667,112.5,19.83333333,14.66666667,17.33333333,33.5,4.517558982,0.0,220.669631,92.47104672,64372,0.0,0.0,0.0,11,DAVIS
545,110545,830.1666667,2253.120273,2.714057747,2585.0,795.7,118.8,1670.5,2688.156346,476.0,319.6666667,110.8333333,8.0,123.1666667,249.8333333,842.6666667,454.8333333,3.012472921,0.0,41.49578634,58.64808721,39321,736.0,1028.0,0.0,11,DAVIS
546,110546,1454.666667,4234.037348,2.910658122,108.8,9.7,1.8,97.3,527.9664148,0.333333333,9.333333333,0.166666667,1.666666667,12.66666667,54.83333333,3.0,26.83333333,0.0,0.0,316.6666544,102.466427,76592,776.0,0.0,0.0,11,DAVIS
547,110547,632.5,1802.647554,2.850035659,4.3,0.3,1.5,2.5,149.8277195,0.0,0.333333333,0.0,1.5,1.666666667,0.166666667,0.0,0.666666667,0.500002516,0.0,100.5090771,44.48530659,58042,0.0,0.0,0.0,11,DAVIS
548,110548,685.3333333,1811.552968,2.643316587,388.0,107.5,4.2,276.3,494.3236511,37.0,70.5,4.0,0.166666667,66.83333333,27.5,45.0,137.0,0.0,0.0,58.00581177,48.31783933,40432,0.0,0.0,0.0,11,DAVIS
549,110549,674.0,1791.961313,2.658696309,731.5,112.7,2.8,616.0,868.8190383,74.0,38.66666667,1.833333333,1.0,71.66666667,298.3333333,4.0,242.0,0.0,0.0,90.00074867,47.31828963,36569,652.0,0.0,0.0,11,DAVIS
550,110550,562.0,1682.687362,2.994105626,177.2,14.7,19.0,143.5,257.6556972,14.5,0.166666667,4.666666667,14.33333333,9.0,70.5,32.16666667,31.83333333,0.0,0.0,41.00152245,39.48750808,104871,747.0,0.0,0.0,11,DAVIS
551,110551,425.6666667,1324.899668,3.112528586,1729.2,65.8,13.5,1649.8,1784.165053,51.66666667,14.16666667,4.833333333,8.666666667,238.5,1232.5,20.33333333,158.5,1.840263573,0.0,23.16766301,29.99046011,81249,182.0,78.0,2957.0,11,DAVIS
552,110552,585.3333333,1727.169255,2.950744741,503.0,7.0,3.3,492.7,595.8123539,6.166666667,0.833333333,0.333333333,3.0,16.83333333,42.0,0.0,433.8333333,0.0,0.0,51.49164596,41.32070797,70381,0.0,0.0,0.0,11,DAVIS
553,110553,1142.0,3521.544208,3.08366393,156.5,20.2,1.7,134.7,352.9887711,13.66666667,6.5,0.833333333,0.833333333,22.0,73.33333333,2.666666667,36.66666667,3.013388679,0.0,113.0012836,80.47409877,98270,0.0,0.0,0.0,11,DAVIS
554,110554,851.0,2628.019876,3.088154966,163.8,3.0,2.8,158.0,245.8384777,0.5,2.5,1.333333333,1.5,6.5,126.8333333,11.16666667,13.5,6.191155888,0.0,15.8330016,59.98098689,83704,650.0,999.0,0.0,11,DAVIS
555,110555,1137.166667,3880.029164,3.412014507,183.7,7.0,6.2,170.5,333.2993644,6.0,1.0,6.0,0.166666667,4.0,92.16666667,55.5,18.83333333,0.0,0.0,69.65781506,79.9748827,88727,643.0,0.0,0.0,11,DAVIS
556,110556,528.1666667,1506.38252,2.852096914,602.8,84.7,0.0,518.2,656.9896701,64.66666667,20.0,0.0,0.0,37.0,9.5,64.33333333,407.3333333,0.0,0.0,17.16799483,36.98834194,85435,0.0,0.0,0.0,11,DAVIS
557,110557,902.6666667,2435.057205,2.69762615,87.5,25.2,0.3,62.0,203.8137014,24.16666667,1.0,0.0,0.333333333,8.0,14.0,28.66666667,11.33333333,0.0,0.0,52.83399879,63.47970266,85051,0.0,0.0,0.0,11,DAVIS
558,110558,746.3333333,2236.44968,2.996582867,432.8,204.3,5.8,222.7,585.1516018,145.8333333,58.5,0.5,5.333333333,52.33333333,6.333333333,61.0,103.0,1.337034353,0.0,98.6645289,52.31670523,84253,0.0,0.0,0.0,11,DAVIS
559,110559,510.0,1515.360956,2.971295992,100.5,30.2,2.0,68.3,141.488943,30.16666667,0.0,0.666666667,1.333333333,5.666666667,13.83333333,15.16666667,33.66666667,0.0,0.0,5.333600825,35.65534216,93249,0.0,0.0,0.0,11,DAVIS
560,110560,71.0,220.1941667,3.101326291,560.2,117.0,0.8,442.3,602.0226604,69.66666667,47.33333333,0.666666667,0.166666667,101.5,98.0,17.83333333,225.0,5.020788202,0.0,31.83685667,4.998348824,93117,747.0,0.0,0.0,11,DAVIS
561,110561,324.8333333,999.2790438,3.076282331,22.2,0.5,0.0,21.7,67.82568943,0.0,0.5,0.0,0.0,5.666666667,2.166666667,0.333333333,13.5,0.0,0.0,22.66626108,22.99276169,92349,0.0,0.0,0.0,11,DAVIS
562,110562,11.66666667,36.38766908,3.118943064,4549.2,11.7,25.2,4512.3,4550.16635,7.166666667,4.5,3.5,21.66666667,140.5,356.0,362.1666667,3653.666667,0.0,0.0,0.0,0.999683115,93117,0.0,0.0,0.0,11,DAVIS
563,110563,1127.333333,3503.505132,3.107781016,392.8,1.3,0.5,391.0,625.5054929,1.166666667,0.166666667,0.166666667,0.333333333,79.66666667,110.1666667,73.5,127.6666667,7.530044567,0.0,145.8337488,79.30836626,85051,0.0,0.0,0.0,11,DAVIS
564,110564,1377.0,3944.730195,2.86472781,1400.1,318.0,6.9,1075.2,2121.0,265.1432793,52.8296401,2.1710811,4.70400905,165.0926253,176.2194159,252.8404864,481.075387,0.363102528,0.0,667.928578,52.63239523,85051,0.0,0.0,0.0,11,DAVIS
565,110565,0.0,0.0,0.0,2924.8,1900.5,6.8,1017.5,2944.666667,1596.833333,303.6666667,1.333333333,5.5,157.3333333,151.0,27.33333333,681.8333333,0.0,0.0,19.83333333,0.0,85051,0.0,0.0,0.0,11,DAVIS
566,110566,419.8333333,1245.91687,2.967646376,76.3,0.2,0.5,75.7,133.0125413,0.0,0.166666667,0.166666667,0.333333333,1.333333333,59.16666667,1.5,13.66666667,5.353664915,0.0,21.83366557,29.49187752,85051,897.0,0.0,0.0,11,DAVIS
567,110567,443.8333333,1364.040485,3.073316903,68.5,0.8,4.0,63.7,145.3600623,0.333333333,0.5,1.0,3.0,3.0,8.0,31.0,21.66666667,8.534189544,0.0,37.00254632,31.32332645,85051,0.0,0.0,0.0,11,DAVIS
568,110568,263.5,791.0760062,3.002185982,851.5,84.3,4.3,762.8,982.3325894,36.0,48.33333333,2.5,1.833333333,18.0,482.5,67.66666667,194.6666667,2.008315281,0.0,110.3300614,18.49421268,85051,0.0,0.0,0.0,11,DAVIS
569,110569,3.0,11.30766152,3.769220506,0.0,0.0,0.0,0.0,0.0,0.0,0.0,0.0,0.0,0.0,0.0,0.0,0.0,0.0,0.0,0.0,0.0,85051,0.0,0.0,0.0,11,DAVIS
570,110570,350.3333333,958.1083197,2.734847725,2740.5,26.8,19.7,2694.0,2768.825504,2.166666667,24.66666667,18.33333333,1.333333333,107.8333333,1909.0,69.33333333,607.8333333,0.0,0.0,3.833425608,24.4920779,59960,0.0,0.0,0.0,11,DAVIS
571,110571,229.5,634.8227854,2.766112355,1526.2,22.7,124.7,1378.8,1574.496298,18.33333333,4.333333333,46.66666667,78.0,425.8333333,584.1666667,78.83333333,290.0,0.0,0.0,32.33473524,15.9948965,72962,450.0,1006.0,0.0,11,DAVIS
572,110572,245.6666667,715.2704431,2.911548615,244.0,45.7,1.2,197.2,261.4944795,3.5,42.16666667,1.0,0.166666667,4.666666667,96.83333333,58.5,37.16666667,0.0,0.0,0.0,17.49447951,102756,0.0,0.0,0.0,11,DAVIS
573,110573,433.1666667,1285.736972,2.968226946,5.3,0.0,0.2,5.2,41.48932514,0.0,0.0,0.0,0.166666667,1.666666667,0.0,0.0,3.5,0.0,0.0,5.832365145,30.32362666,72962,0.0,0.0,0.0,11,DAVIS
574,110574,401.1666667,1258.04756,3.135972315,1.8,0.0,0.2,1.7,33.8243847,0.0,0.0,0.166666667,0.0,0.333333333,0.0,1.166666667,0.166666667,0.0,0.0,3.833324201,28.15772716,102756,0.0,0.0,0.0,11,DAVIS
575,110575,12.33333333,44.93496317,3.643375392,6.2,0.0,0.2,6.0,14.17974514,0.0,0.0,0.166666667,0.0,0.833333333,3.833333333,0.0,1.333333333,3.012472921,0.0,4.167589108,0.833016448,72020,0.0,0.0,0.0,11,DAVIS
576,110576,24.16666667,77.99266818,3.227282821,1722.3,563.0,25.3,1134.0,2215.290213,274.8333333,288.1666667,4.5,20.83333333,77.66666667,461.0,191.5,403.8333333,7.029103483,0.0,483.9284099,1.99936623,72020,0.0,0.0,0.0,11,DAVIS
577,110577,84.83333333,253.1410199,2.983980588,1924.8,604.2,53.7,1267.0,2096.001838,10.83333333,593.3333333,11.33333333,42.33333333,59.16666667,306.0,828.1666667,73.66666667,0.0,0.0,165.1701388,5.998365529,72020,0.0,0.0,0.0,11,DAVIS
578,110578,656.6666667,2094.247155,3.189208865,1.5,0.2,0.0,1.3,107.6523534,0.0,0.166666667,0.0,0.0,0.333333333,0.0,0.666666667,0.333333333,0.502770083,0.0,59.49767679,46.1519065,85901,0.0,0.0,0.0,11,DAVIS
579,110579,496.0,1527.36812,3.07937121,131.2,0.0,0.5,130.7,201.8216158,0.0,0.0,0.5,0.0,17.0,59.33333333,25.66666667,28.66666667,0.0,0.0,35.8330571,34.82189206,101084,551.0,0.0,0.0,11,DAVIS
580,110580,503.3333333,1612.163044,3.202972934,12.5,0.7,0.2,11.7,208.3337864,0.0,0.666666667,0.166666667,0.0,4.666666667,0.666666667,0.166666667,6.166666667,1.506471103,0.0,159.1719064,35.15540891,85901,0.0,0.0,0.0,11,DAVIS
581,110581,443.0,1305.59904,2.947176164,21.0,4.2,6.2,10.7,53.15697235,4.166666667,0.0,0.0,6.166666667,1.333333333,1.333333333,7.333333333,0.666666667,0.0,0.0,1.166795794,30.99017656,100345,0.0,0.0,0.0,11,DAVIS
582,110582,426.8333333,1257.336289,2.945731251,78.8,0.8,0.2,77.8,108.9903934,0.166666667,0.666666667,0.166666667,0.0,2.833333333,69.5,2.666666667,2.833333333,0.0,0.0,0.0,30.15706005,100288,747.0,0.0,0.0,11,DAVIS
583,110583,548.3333333,1592.7626,2.904734225,121.8,0.0,0.0,121.8,174.9873886,0.0,0.0,0.0,0.0,1.166666667,2.0,13.5,105.1666667,0.0,0.0,14.49979714,38.6542581,79740,0.0,0.0,0.0,11,DAVIS
584,110584,108.8333333,328.6722364,3.019959293,2.8,0.5,0.7,1.7,41.6613714,0.0,0.5,0.166666667,0.5,0.833333333,0.333333333,0.333333333,0.166666667,0.0,0.0,31.16378972,7.664248351,72020,0.0,0.0,0.0,11,DAVIS
585,110585,329.0,866.213017,2.632866313,1415.7,16.5,272.5,1126.7,1440.826078,10.83333333,5.666666667,171.8333333,100.6666667,356.1666667,62.5,0.5,707.5,0.0,0.0,2.0,23.15941162,72020,0.0,0.0,0.0,11,DAVIS
586,110586,0.0,0.0,0.0,685.7,27.8,383.8,274.0,698.3318118,25.66666667,2.166666667,193.0,190.8333333,52.33333333,30.83333333,13.16666667,177.6666667,0.0,0.0,12.66514516,0.0,72020,0.0,0.0,0.0,11,DAVIS
587,110587,18.0,53.63955409,2.979975227,8.8,0.0,0.3,8.5,10.16614966,0.0,0.0,0.166666667,0.166666667,0.5,2.0,0.333333333,5.666666667,0.0,0.0,0.0,1.332816328,72020,0.0,0.0,0.0,11,DAVIS
588,110588,658.8333333,1949.414566,2.958888792,33.0,0.3,0.5,32.2,90.1601997,0.166666667,0.166666667,0.333333333,0.166666667,1.666666667,3.333333333,1.333333333,25.83333333,1.841648614,0.0,8.666694596,46.65185649,72020,0.0,0.0,0.0,11,DAVIS
589,110589,254.0,704.697061,2.774397878,1130.3,253.2,0.3,876.8,1148.161063,46.0,207.1666667,0.0,0.333333333,305.6666667,85.66666667,27.16666667,458.3333333,0.0,0.0,0.0,17.82772946,63030,0.0,0.0,0.0,11,DAVIS
590,110590,577.0,1502.756053,2.604429901,898.0,535.7,6.0,356.3,942.320378,377.6666667,158.0,0.333333333,5.666666667,36.16666667,28.66666667,1.0,290.5,0.0,0.0,3.666703671,40.65367438,63030,0.0,0.0,0.0,11,DAVIS
591,110591,285.5,740.9383506,2.59523065,0.0,0.0,0.0,0.0,24.66014241,0.0,0.0,0.0,0.0,0.0,0.0,0.0,0.0,0.0,0.0,4.499880164,20.16026224,63030,0.0,0.0,0.0,11,DAVIS
592,110592,280.8333333,753.6431405,2.683595753,2092.5,1252.5,23.5,816.5,2161.329467,1024.0,228.5,17.83333333,5.666666667,106.1666667,85.66666667,6.833333333,617.8333333,0.0,0.0,48.83405328,19.99541353,44492,0.0,0.0,0.0,11,DAVIS
593,110593,637.5,1737.727636,2.725847272,1349.8,616.0,5.3,728.5,1442.817742,525.6666667,90.33333333,0.666666667,4.666666667,156.1666667,65.66666667,62.83333333,443.8333333,0.0,0.0,47.997935,44.986474,44492,0.0,0.0,0.0,11,DAVIS
594,110594,322.6666667,762.8270342,2.36413337,297.5,42.8,26.2,228.5,329.9924809,39.83333333,3.0,3.166666667,23.0,22.83333333,106.1666667,52.66666667,46.83333333,0.0,0.0,9.666519264,22.82596159,44492,498.0,0.0,0.0,11,DAVIS
595,110595,252.5,587.4166898,2.326402732,193.8,83.0,15.8,95.0,225.1611772,82.0,1.0,8.833333333,7.0,28.33333333,15.66666667,6.333333333,44.66666667,0.0,0.0,13.5001477,17.82769612,65165,0.0,0.0,0.0,11,DAVIS
596,110596,379.5,893.4501127,2.354282247,33.7,0.2,0.3,33.2,65.32520172,0.0,0.166666667,0.0,0.333333333,0.833333333,3.5,19.16666667,9.666666667,0.0,0.0,4.667090956,26.9914441,65165,0.0,0.0,0.0,11,DAVIS
597,110597,282.1666667,637.4412048,2.259094642,224.8,1.2,1.7,222.0,248.493185,0.333333333,0.833333333,0.5,1.166666667,10.83333333,135.0,26.66666667,49.5,0.0,0.0,3.999455957,19.66039568,65165,336.0,927.0,0.0,11,DAVIS
598,110598,892.6666667,2599.717096,2.91230444,172.8,55.8,3.2,113.8,281.8109426,1.166666667,54.66666667,0.833333333,2.333333333,7.166666667,9.333333333,5.833333333,91.5,0.0,0.0,46.33097307,62.64663622,76071,0.0,0.0,0.0,11,DAVIS
599,110599,7.666666667,21.60415422,2.817933159,176.3,3.8,0.2,172.3,176.6664999,0.5,3.333333333,0.166666667,0.0,51.16666667,89.66666667,21.33333333,10.16666667,0.0,0.0,0.0,0.333166553,79533,0.0,0.0,0.0,11,DAVIS
600,110600,107.6666667,309.667129,2.876165285,338.2,83.5,14.2,240.5,361.6704836,62.5,21.0,0.5,13.66666667,41.33333333,104.0,20.0,75.16666667,2.008315281,0.0,13.99786996,7.497631699,79533,0.0,0.0,0.0,11,DAVIS
601,110601,377.3333333,1031.286319,2.733090951,38.7,1.0,4.5,33.2,87.16045564,0.0,1.0,0.0,4.5,1.166666667,22.83333333,0.5,8.666666667,0.669895887,0.0,21.16561561,26.65827748,73032,0.0,0.0,0.0,11,DAVIS
602,110602,531.0,1549.283502,2.917671379,167.8,0.2,0.3,167.3,234.4876679,0.0,0.166666667,0.166666667,0.166666667,26.33333333,77.83333333,0.666666667,62.5,0.0,0.0,29.49965947,37.15467508,73032,593.0,0.0,0.0,11,DAVIS
603,110603,72.0,181.499301,2.520823625,1392.8,300.8,459.2,632.8,1518.52681,221.3333333,79.5,6.666666667,452.5,172.6666667,223.0,12.66666667,224.5,4.519859782,0.0,116.175201,4.998415574,79533,0.0,0.0,0.0,11,DAVIS
604,110604,202.8333333,495.2362134,2.441591849,693.2,17.5,267.7,408.0,720.8308701,12.33333333,5.166666667,255.5,12.16666667,82.16666667,98.0,9.0,218.8333333,0.0,0.0,13.33547331,14.32873016,79533,0.0,0.0,0.0,11,DAVIS
605,110605,827.3333333,1952.172665,2.359596292,673.5,184.3,26.3,462.8,750.9817724,109.1666667,75.16666667,26.33333333,0.0,46.66666667,78.33333333,29.16666667,308.6666667,0.0,0.0,19.33343508,58.14833734,46724,381.0,0.0,0.0,11,DAVIS
606,110606,700.5,1755.71735,2.506377374,1261.5,114.0,6.7,1140.8,1349.647981,38.16666667,75.83333333,0.166666667,6.5,17.16666667,528.3333333,152.5,442.8333333,0.0,0.0,38.83039194,49.31758917,46303,0.0,633.0,1791.0,11,DAVIS
607,110607,702.6666667,1828.695874,2.602508359,513.8,225.0,4.0,284.8,591.9902271,23.83333333,201.1666667,0.5,3.5,33.0,121.1666667,9.333333333,121.3333333,0.67036517,0.0,28.00195585,49.48457273,43857,368.0,0.0,0.0,11,DAVIS
608,110608,0.0,0.0,0.0,2715.8,1669.0,30.0,1016.8,2715.833333,1245.5,423.5,30.0,0.0,67.5,65.66666667,7.0,876.6666667,0.0,0.0,0.0,0.0,54776,0.0,0.0,0.0,11,DAVIS
609,110609,801.1666667,1852.166978,2.311837293,807.5,332.8,6.3,468.3,891.6485842,117.3333333,215.5,1.5,4.833333333,78.33333333,24.0,22.5,343.5,0.0,0.0,27.66627979,56.48230445,51318,0.0,0.0,0.0,11,DAVIS
610,110610,510.3333333,1301.118513,2.549546401,1600.5,241.7,138.7,1220.2,1712.65767,108.5,133.1666667,29.0,109.6666667,129.5,173.0,103.8333333,813.8333333,0.0,0.0,76.16919479,35.9884754,51286,22.0,0.0,0.0,11,DAVIS
611,110611,670.6666667,1588.5716,2.368645527,2155.0,141.8,57.0,1956.2,2267.980892,79.16666667,62.66666667,37.16666667,19.83333333,124.8333333,85.5,631.5,1114.333333,0.0,0.0,65.82945203,47.15143948,35656,0.0,0.0,0.0,11,DAVIS
612,110612,790.8333333,2102.365264,2.658417615,5.0,0.2,4.0,0.8,83.15817042,0.0,0.166666667,0.0,4.0,0.0,0.0,0.0,0.833333333,1.506927724,0.0,21.00212148,55.64912122,64427,0.0,0.0,0.0,11,DAVIS
613,110613,498.5,1470.521141,2.949891959,0.5,0.0,0.0,0.5,110.8334779,0.0,0.0,0.0,0.0,0.0,0.0,0.5,0.0,0.0,0.0,75.01158575,35.32189217,77884,0.0,0.0,0.0,11,DAVIS
614,110614,391.3333333,1065.240289,2.722079103,6490.7,315.5,26.8,6148.3,6523.991067,28.0,287.5,23.0,3.833333333,528.6666667,323.5,2846.333333,2449.833333,0.0,0.0,5.499889405,27.82451059,63524,0.0,0.0,0.0,11,DAVIS
615,110615,595.3333333,1687.733462,2.834938626,122.5,4.7,8.7,109.2,172.153269,0.5,4.166666667,0.166666667,8.5,1.833333333,94.33333333,3.833333333,9.166666667,0.0,0.0,7.83327818,41.81999082,67727,916.0,0.0,0.0,11,DAVIS
616,110616,548.6666667,1671.926523,3.047253687,41.7,0.5,0.7,40.5,137.3228562,0.333333333,0.166666667,0.333333333,0.333333333,19.83333333,3.166666667,4.333333333,13.16666667,0.0,0.0,57.16836463,38.4878249,100263,0.0,0.0,0.0,11,DAVIS
617,110617,0.0,0.0,0.0,2.7,0.0,0.7,2.0,2.666666667,0.0,0.0,0.0,0.666666667,0.0,0.5,0.166666667,1.333333333,0.0,0.0,0.0,0.0,79533,635.0,0.0,0.0,11,DAVIS
618,110618,1410.166667,3825.168723,2.712564985,961.3,106.5,436.5,418.3,1087.634518,59.16666667,47.33333333,55.16666667,381.3333333,87.16666667,91.5,10.5,229.1666667,0.0,0.0,26.99937316,99.3018116,79533,0.0,0.0,0.0,11,DAVIS
619,110619,342.0,1073.661804,3.139362,894.5,197.7,310.2,386.7,935.1588852,178.0,19.66666667,70.5,239.6666667,86.83333333,158.6666667,5.5,135.6666667,0.0,0.0,16.49964039,24.15924485,69478,0.0,0.0,0.0,11,DAVIS
620,110620,1.0,1.739640233,1.739640233,1338.3,39.0,711.2,588.2,1355.163873,35.0,4.0,218.8333333,492.3333333,70.16666667,95.33333333,0.5,422.1666667,0.0,0.0,16.83053942,0.0,69478,0.0,0.0,0.0,11,DAVIS
621,110621,842.5,2596.261364,3.081615862,556.3,52.3,117.5,386.5,667.6445297,50.33333333,2.0,53.33333333,64.16666667,12.5,160.3333333,5.166666667,208.5,0.0,0.0,51.83014277,59.48105361,69478,0.0,0.0,0.0,11,DAVIS
622,110622,376.0,1091.341776,2.902504723,287.8,44.5,135.5,107.8,363.1583676,30.33333333,14.16666667,63.66666667,71.83333333,23.83333333,32.5,8.0,43.5,1.00415764,0.0,47.82951591,26.49136075,71521,0.0,0.0,0.0,11,DAVIS
623,110623,307.5,824.7289077,2.682045228,679.5,44.3,2.2,633.0,708.8272083,14.83333333,29.5,0.666666667,1.5,282.8333333,126.5,2.333333333,221.3333333,0.0,0.0,7.500913148,21.82629514,48775,1166.0,218.0,218.0,11,DAVIS
624,110624,351.8333333,951.1462519,2.703400053,750.3,70.7,230.5,449.2,809.3317599,29.83333333,40.83333333,119.8333333,110.6666667,45.0,76.16666667,2.5,325.5,0.0,0.0,34.17294865,24.82547792,71521,0.0,0.0,0.0,11,DAVIS
625,110625,298.6666667,862.4371622,2.887624427,146.2,94.2,0.7,51.3,175.1606946,0.666666667,93.5,0.333333333,0.333333333,0.666666667,40.5,0.0,10.16666667,0.0,0.0,7.834015882,21.16001208,58459,0.0,0.0,0.0,11,DAVIS
626,110626,549.0,1313.634212,2.392776342,3804.3,875.5,163.7,2765.2,3899.154921,652.0,223.5,33.83333333,129.8333333,556.8333333,292.0,210.6666667,1705.666667,0.0,0.0,56.16757998,38.65400794,53725,0.0,41.0,1554.0,11,DAVIS
627,110627,1105.333333,2585.096947,2.338748746,2406.3,925.3,102.5,1378.5,2526.14317,572.8333333,352.5,7.333333333,95.16666667,198.0,219.8333333,366.1666667,594.5,0.0,0.0,42.16782006,77.64201637,41903,288.0,0.0,0.0,11,DAVIS
628,110628,588.3333333,1466.50532,2.492643604,487.2,52.5,0.8,433.8,555.987159,24.66666667,27.83333333,0.666666667,0.166666667,47.83333333,213.6666667,26.16666667,146.1666667,0.0,0.0,27.50026803,41.32022428,39322,0.0,665.0,0.0,11,DAVIS
629,110629,564.6666667,1404.467669,2.48725089,176.3,3.8,0.5,172.0,229.8199633,3.5,0.333333333,0.166666667,0.333333333,11.33333333,59.66666667,33.83333333,67.16666667,0.0,0.0,13.83252192,39.65410803,79307,503.0,0.0,0.0,11,DAVIS
630,110630,847.1666667,2190.663844,2.585871152,363.7,24.7,4.5,334.5,461.8103437,0.166666667,24.5,0.0,4.5,10.16666667,188.5,18.0,117.8333333,0.0,0.0,38.66248997,59.48118704,79437,598.0,14.0,1555.0,11,DAVIS
631,110631,682.8333333,1868.821567,2.736863413,148.7,2.8,30.5,115.3,208.8182448,0.0,2.833333333,0.5,30.0,1.5,74.83333333,4.833333333,34.16666667,0.0,0.0,12.33347196,47.81810621,82114,0.0,816.0,0.0,11,DAVIS
632,110632,981.3333333,2475.239521,2.522322882,1528.5,582.0,101.0,845.5,1617.647365,524.5,57.5,1.5,99.5,136.3333333,141.1666667,168.6666667,399.3333333,0.0,0.0,20.1686128,68.97875191,57657,0.0,1107.0,0.0,11,DAVIS
633,110633,554.0,1662.807386,3.001457376,174.3,67.5,7.5,99.3,224.6532041,33.83333333,33.66666667,0.166666667,7.333333333,58.33333333,4.5,2.666666667,33.83333333,0.0,0.0,11.33207925,38.98779155,46815,0.0,0.0,0.0,11,DAVIS
634,110634,642.1666667,1722.066799,2.681650868,1316.0,513.8,15.3,786.8,1421.489517,372.0,141.8333333,15.33333333,0.0,91.66666667,7.333333333,72.0,615.8333333,0.0,0.0,60.17101101,45.31850638,55754,0.0,0.0,0.0,11,DAVIS
635,110635,551.3333333,1453.032933,2.635488996,74.0,0.5,1.0,72.5,149.987816,0.166666667,0.333333333,0.333333333,0.666666667,10.33333333,52.16666667,0.5,9.5,0.0,0.0,37.33340776,38.65440821,68702,478.0,0.0,0.0,11,DAVIS
636,110636,974.8333333,2769.073011,2.840560449,0.0,0.0,0.0,0.0,70.14490167,0.0,0.0,0.0,0.0,0.0,0.0,0.0,0.0,0.0,0.0,1.33333335,68.81156832,70608,0.0,0.0,0.0,11,DAVIS
637,110637,754.5,2074.528684,2.749540999,148.0,0.0,0.3,147.7,204.6499233,0.0,0.0,0.333333333,0.0,0.333333333,103.8333333,0.833333333,42.66666667,0.0,0.0,3.666768253,52.98315507,62536,699.0,0.0,0.0,11,DAVIS
638,110638,390.6666667,1150.942426,2.946098359,107.7,0.5,0.7,106.5,159.3261181,0.166666667,0.333333333,0.666666667,0.0,16.33333333,67.16666667,1.833333333,21.16666667,0.0,0.0,24.33479076,27.3246607,88237,0.0,0.0,0.0,11,DAVIS
639,110639,491.5,1491.155233,3.033886537,10.7,0.0,0.2,10.5,77.48986779,0.0,0.0,0.0,0.166666667,0.0,1.166666667,0.166666667,9.166666667,0.0,0.0,32.33410868,34.48909244,88226,0.0,0.0,0.0,11,DAVIS
640,110640,0.0,0.0,0.0,4.0,0.0,3.0,1.0,4.0,0.0,0.0,0.0,3.0,0.0,0.0,0.0,1.0,0.0,0.0,0.0,0.0,50805,0.0,0.0,0.0,11,DAVIS
641,110641,1773.5,4489.607763,2.531495778,4801.0,96.2,624.2,4080.7,4980.131621,91.16666667,5.0,43.33333333,580.8333333,2430.833333,328.1666667,73.83333333,1247.833333,0.0,0.0,54.17069747,124.9609231,50805,1552.0,133.0,133.0,11,DAVIS
642,110642,182.5,494.9488028,2.712048234,781.0,59.8,358.7,362.5,794.8293025,45.16666667,14.66666667,86.5,272.1666667,54.16666667,69.33333333,2.166666667,236.8333333,0.0,0.0,1.000055337,12.82924717,50805,745.0,319.0,0.0,11,DAVIS
643,110643,0.0,0.0,0.0,5771.3,275.8,2234.0,3261.5,5777.834772,262.1666667,13.66666667,680.6666667,1553.333333,276.6666667,137.5,27.5,2819.833333,0.0,0.0,6.501439008,0.0,50805,0.0,0.0,0.0,11,DAVIS
644,110644,138.8333333,292.9843049,2.110331128,2793.7,21.8,1986.2,785.7,2869.502828,20.66666667,1.166666667,678.8333333,1307.333333,58.66666667,76.33333333,21.16666667,629.5,0.0,0.0,65.83933015,9.996831148,50805,0.0,0.0,0.0,11,DAVIS
645,110645,0.0,0.0,0.0,1080.3,55.8,641.2,383.3,1080.333333,55.33333333,0.5,360.3333333,280.8333333,15.16666667,128.8333333,0.5,238.8333333,0.0,0.0,0.0,0.0,50805,0.0,0.0,0.0,11,DAVIS
646,110646,0.0,0.0,0.0,129.8,5.5,51.8,72.5,144.8323191,5.5,0.0,0.166666667,51.66666667,56.33333333,4.5,1.5,10.16666667,0.0,0.0,14.99898579,0.0,50805,0.0,0.0,0.0,11,DAVIS
647,110647,1133.333333,2815.204775,2.484004213,1489.3,329.0,76.0,1084.3,1620.641436,162.3333333,166.6666667,51.83333333,24.16666667,159.1666667,47.66666667,72.16666667,805.3333333,0.0,0.0,51.49977012,79.80833276,52702,7.0,0.0,0.0,11,DAVIS
648,110648,436.6666667,1167.582782,2.673853699,300.2,8.3,2.7,289.2,342.324331,6.0,2.333333333,2.5,0.166666667,9.833333333,68.16666667,2.0,209.1666667,0.0,0.0,11.33415442,30.82350989,44088,515.0,0.0,0.0,11,DAVIS
649,110649,635.5,1710.136629,2.691009644,288.5,103.3,11.0,174.2,348.3187392,91.5,11.83333333,9.5,1.5,72.16666667,10.33333333,14.66666667,77.0,0.0,0.0,15.16569843,44.65304075,44088,724.0,0.0,0.0,11,DAVIS
650,110650,1572.5,4606.57512,2.929459536,336.0,131.3,33.8,170.8,496.6349238,96.16666667,35.16666667,0.833333333,33.0,12.5,19.33333333,15.66666667,123.3333333,0.0,0.0,49.83693155,110.7979923,85570,0.0,0.0,0.0,11,DAVIS
651,110651,480.6666667,1401.41593,2.915567123,46.0,42.8,0.2,3.0,84.65584259,0.166666667,42.66666667,0.0,0.166666667,1.166666667,0.166666667,0.166666667,1.5,0.0,0.0,4.833333401,33.82250919,83281,0.0,0.0,0.0,11,DAVIS
652,110652,1510.5,3997.711269,2.646614544,349.7,54.2,1.5,294.0,656.6050927,0.166666667,54.0,0.5,1.0,32.16666667,13.16666667,190.8333333,57.83333333,0.0,121.3063291,79.33293725,106.2991597,111656,0.0,0.0,0.0,11,DAVIS
653,110653,1768.833333,5029.659682,2.84348988,714.5,72.5,40.8,601.2,1124.147015,45.83333333,26.66666667,3.833333333,37.0,111.1666667,116.5,10.16666667,363.3333333,0.0,0.0,285.1872759,124.4597389,87953,0.0,0.0,0.0,11,DAVIS
654,110654,762.1666667,2386.915208,3.131749672,42.2,0.2,0.2,41.8,119.6486654,0.166666667,0.0,0.166666667,0.0,0.666666667,36.66666667,2.0,2.5,0.0,0.0,23.83222702,53.64977166,111826,0.0,0.0,0.0,11,DAVIS
655,350655,0.0,0.0,0.0,0.0,0.0,0.0,0.0,0.0,0.0,0.0,0.0,0.0,0.0,0.0,0.0,0.0,0.0,0.0,0.0,0.0,33251,0.0,0.0,0.0,35,SALT LAKE
656,350656,0.0,0.0,0.0,0.0,0.0,0.0,0.0,0.0,0.0,0.0,0.0,0.0,0.0,0.0,0.0,0.0,0.0,0.0,0.0,0.0,33251,0.0,0.0,0.0,35,SALT LAKE
657,350657,0.0,0.0,0.0,0.0,0.0,0.0,0.0,9.074460751,0.0,0.0,0.0,0.0,0.0,0.0,0.0,0.0,9.074460751,0.0,0.0,0.0,33251,0.0,0.0,0.0,35,SALT LAKE
658,350658,0.0,0.0,0.0,0.0,0.0,0.0,0.0,0.0,0.0,0.0,0.0,0.0,0.0,0.0,0.0,0.0,0.0,0.0,0.0,0.0,33251,0.0,0.0,0.0,35,SALT LAKE
659,350659,0.0,0.0,0.0,1934.7,11.3,379.0,1544.3,2032.508835,0.166666667,11.16666667,8.333333333,370.6666667,61.0,961.3333333,0.333333333,521.6666667,0.0,0.0,97.84216792,0.0,33251,0.0,0.0,0.0,35,SALT LAKE
660,350660,0.0,0.0,0.0,969.5,0.0,425.8,543.7,1000.501867,0.0,0.0,77.5,348.3333333,2.833333333,531.0,0.0,9.833333333,0.0,0.0,31.00186663,0.0,33251,0.0,0.0,0.0,35,SALT LAKE
661,350661,0.0,0.0,0.0,22.7,0.0,11.0,11.7,70.55998622,0.0,0.0,1.166666667,9.833333333,0.0,11.5,0.0,0.166666667,47.89331955,0.0,0.0,0.0,33251,0.0,0.0,0.0,35,SALT LAKE
662,350662,0.0,0.0,0.0,2034.0,5.7,1045.2,983.2,2173.680818,2.666666667,3.0,240.1666667,805.0,85.16666667,810.3333333,1.666666667,86.0,0.0,0.0,139.6808181,0.0,48032,0.0,0.0,0.0,35,SALT LAKE
663,350663,0.0,0.0,0.0,793.3,2.0,427.7,363.7,842.5579139,0.0,2.0,307.1666667,120.5,57.83333333,203.0,2.833333333,100.0,7.057913918,0.0,42.16666667,0.0,48032,0.0,0.0,0.0,35,SALT LAKE
664,350664,0.0,0.0,0.0,5.0,2.0,0.0,3.0,5.0,0.0,2.0,0.0,0.0,0.0,3.0,0.0,0.0,0.0,0.0,0.0,0.0,33251,0.0,0.0,0.0,35,SALT LAKE
665,350665,0.0,0.0,0.0,508.0,2.0,101.0,405.0,508.0,0.0,2.0,1.166666667,99.83333333,15.83333333,257.8333333,0.0,131.3333333,0.0,0.0,0.0,0.0,33251,0.0,0.0,0.0,35,SALT LAKE
666,350666,0.0,0.0,0.0,1109.0,3.2,231.8,874.0,1139.838904,0.0,3.166666667,6.166666667,225.6666667,37.5,565.5,0.0,271.0,0.0,0.0,30.83890378,0.0,33251,0.0,0.0,0.0,35,SALT LAKE
667,350667,0.0,0.0,0.0,961.5,4.0,196.2,761.3,996.3349064,0.0,4.0,2.666666667,193.5,43.66666667,421.5,0.0,296.1666667,0.0,0.0,34.83490639,0.0,33251,0.0,0.0,0.0,35,SALT LAKE
668,350668,0.0,0.0,0.0,6535.3,200.0,4362.0,1973.3,6638.005881,143.3333333,56.66666667,3689.833333,672.1666667,77.5,1420.0,2.166666667,473.6666667,0.0,0.0,102.6725476,0.0,33251,0.0,0.0,0.0,35,SALT LAKE
669,350669,0.0,0.0,0.0,14092.0,870.7,4403.0,8818.3,14312.84585,23.16666667,847.5,3135.166667,1267.833333,3824.5,617.0,3.666666667,4373.166667,0.0,0.0,220.8458489,0.0,48032,0.0,0.0,0.0,35,SALT LAKE
670,350670,0.0,0.0,0.0,0.0,0.0,0.0,0.0,0.0,0.0,0.0,0.0,0.0,0.0,0.0,0.0,0.0,0.0,0.0,0.0,0.0,33251,0.0,0.0,0.0,35,SALT LAKE
671,350671,0.0,0.0,0.0,0.0,0.0,0.0,0.0,0.0,0.0,0.0,0.0,0.0,0.0,0.0,0.0,0.0,0.0,0.0,0.0,0.0,33251,0.0,0.0,0.0,35,SALT LAKE
672,350672,0.0,0.0,0.0,36.3,0.2,2.5,33.7,36.33333333,0.0,0.166666667,0.0,2.5,2.5,18.33333333,0.0,12.83333333,0.0,0.0,0.0,0.0,33251,0.0,0.0,0.0,35,SALT LAKE
673,350673,0.0,0.0,0.0,0.0,0.0,0.0,0.0,0.0,0.0,0.0,0.0,0.0,0.0,0.0,0.0,0.0,0.0,0.0,0.0,0.0,33251,0.0,0.0,0.0,35,SALT LAKE
674,350674,0.0,0.0,0.0,0.0,0.0,0.0,0.0,0.0,0.0,0.0,0.0,0.0,0.0,0.0,0.0,0.0,0.0,0.0,0.0,0.0,33251,0.0,0.0,0.0,35,SALT LAKE
675,350675,0.0,0.0,0.0,1741.7,7.7,264.0,1470.0,1766.83788,0.166666667,7.5,5.666666667,258.3333333,65.0,869.3333333,0.166666667,535.5,0.0,0.0,25.17121335,0.0,33251,0.0,0.0,0.0,35,SALT LAKE
676,350676,0.0,0.0,0.0,1396.7,4.7,313.5,1078.5,1500.840113,0.166666667,4.5,118.1666667,195.3333333,34.0,752.8333333,0.166666667,291.5,0.0,0.0,104.173446,0.0,33251,0.0,0.0,0.0,35,SALT LAKE
677,350677,0.0,0.0,0.0,2308.0,9.2,404.0,1894.8,2396.837812,0.166666667,9.0,5.333333333,398.6666667,86.5,1156.166667,0.333333333,651.8333333,0.0,0.0,88.83781169,0.0,33251,0.0,0.0,0.0,35,SALT LAKE
678,350678,0.0,0.0,0.0,3507.8,6.7,797.7,2703.5,3671.016201,0.333333333,6.333333333,3.0,794.6666667,43.66666667,2088.833333,0.166666667,570.8333333,0.0,0.0,163.1828682,0.0,33251,0.0,0.0,0.0,35,SALT LAKE
679,350679,0.0,0.0,0.0,0.0,0.0,0.0,0.0,0.0,0.0,0.0,0.0,0.0,0.0,0.0,0.0,0.0,0.0,0.0,0.0,0.0,33251,0.0,0.0,0.0,35,SALT LAKE
680,350680,0.0,0.0,0.0,1566.0,119.0,287.2,1159.8,1596.838904,117.8333333,1.166666667,146.3333333,140.8333333,6.166666667,657.6666667,0.333333333,495.6666667,0.0,0.0,30.83890378,0.0,33251,0.0,0.0,0.0,35,SALT LAKE
681,350681,0.5,0.5,1.0,349.2,0.3,21.3,327.5,404.8361307,0.0,0.333333333,1.0,20.33333333,3.5,166.6666667,0.0,157.3333333,0.0,0.0,55.66946407,0.0,33251,0.0,0.0,0.0,35,SALT LAKE
682,350682,0.0,0.0,0.0,0.0,0.0,0.0,0.0,0.0,0.0,0.0,0.0,0.0,0.0,0.0,0.0,0.0,0.0,0.0,0.0,0.0,33251,0.0,0.0,0.0,35,SALT LAKE
683,350683,1.0,3.668128741,3.668128741,711.3,68.3,164.3,478.7,1642.015452,68.33333333,0.0,159.5,4.833333333,2.166666667,254.8333333,0.166666667,221.5,0.0,0.0,930.6821186,0.0,33251,0.0,0.0,0.0,35,SALT LAKE
684,350684,8.5,12.44904534,1.464593569,338.5,3.0,85.7,249.8,661.0146067,1.166666667,1.833333333,25.16666667,60.5,5.166666667,150.1666667,0.166666667,94.33333333,0.0,0.0,321.5145188,1.000087853,33251,0.0,0.0,0.0,35,SALT LAKE
685,350685,1.0,1.83406437,1.83406437,676.2,14.5,292.2,369.5,714.1720212,14.16666667,0.333333333,118.0,174.1666667,2.333333333,257.5,3.833333333,105.8333333,0.0,0.0,38.00535458,0.0,55447,0.0,0.0,0.0,35,SALT LAKE
686,350686,0.0,0.0,0.0,43.7,0.7,0.0,43.0,157.2808717,0.0,0.666666667,0.0,0.0,20.33333333,15.16666667,0.0,7.5,0.0,113.614205,0.0,0.0,33251,0.0,0.0,0.0,35,SALT LAKE
687,350687,0.0,0.0,0.0,284.0,1.5,1.5,281.0,284.0,0.166666667,1.333333333,0.833333333,0.666666667,147.0,113.5,6.666666667,13.83333333,0.0,0.0,0.0,0.0,69092,0.0,0.0,0.0,35,SALT LAKE
688,350688,0.0,0.0,0.0,0.0,0.0,0.0,0.0,0.0,0.0,0.0,0.0,0.0,0.0,0.0,0.0,0.0,0.0,0.0,0.0,0.0,69092,0.0,0.0,0.0,35,SALT LAKE
689,350689,0.0,0.0,0.0,0.0,0.0,0.0,0.0,0.0,0.0,0.0,0.0,0.0,0.0,0.0,0.0,0.0,0.0,0.0,0.0,0.0,69092,0.0,0.0,0.0,35,SALT LAKE
690,350690,0.0,0.0,0.0,0.0,0.0,0.0,0.0,0.0,0.0,0.0,0.0,0.0,0.0,0.0,0.0,0.0,0.0,0.0,0.0,0.0,69092,0.0,0.0,0.0,35,SALT LAKE
691,350691,10.66666667,26.17806908,2.454193976,61.7,1.7,0.8,59.2,62.49995612,0.0,1.666666667,0.166666667,0.666666667,0.0,7.166666667,1.5,50.5,0.0,0.0,0.0,0.833289458,69092,0.0,0.0,0.0,35,SALT LAKE
692,350692,0.0,0.0,0.0,0.0,0.0,0.0,0.0,1.166736916,0.0,0.0,0.0,0.0,0.0,0.0,0.0,0.0,0.0,0.0,1.166736916,0.0,69092,0.0,0.0,0.0,35,SALT LAKE
693,350693,0.0,0.0,0.0,0.0,0.0,0.0,0.0,0.0,0.0,0.0,0.0,0.0,0.0,0.0,0.0,0.0,0.0,0.0,0.0,0.0,69092,0.0,0.0,0.0,35,SALT LAKE
694,350694,0.0,0.0,0.0,0.0,0.0,0.0,0.0,0.0,0.0,0.0,0.0,0.0,0.0,0.0,0.0,0.0,0.0,0.0,0.0,0.0,69092,0.0,0.0,0.0,35,SALT LAKE
695,350695,498.3333333,1277.859754,2.564267066,306.7,32.5,17.7,256.5,394.0071867,3.0,29.5,1.5,16.16666667,3.833333333,90.66666667,33.66666667,128.3333333,0.0,0.0,36.66968005,50.67083993,33251,0.0,0.0,0.0,35,SALT LAKE
696,350696,1423.333333,3755.216964,2.638325736,1013.0,109.7,13.5,889.8,1281.02327,23.83333333,85.83333333,10.5,3.0,28.33333333,480.3333333,129.8333333,251.3333333,0.0,0.0,123.3436783,144.6795913,36711,579.0,931.0,1812.0,35,SALT LAKE
697,350697,938.1666667,2603.469347,2.775060594,41.8,11.2,0.3,30.3,142.0085448,8.0,3.166666667,0.333333333,0.0,0.0,10.83333333,0.5,19.0,0.0,0.0,4.666990331,95.5082211,46623,753.0,0.0,0.0,35,SALT LAKE
698,350698,762.6666667,2400.015107,3.146872955,256.7,82.0,42.2,132.5,342.674862,0.333333333,81.66666667,42.16666667,0.0,1.333333333,81.83333333,1.0,48.33333333,0.0,0.0,8.500511817,77.50768349,69092,0.0,0.0,0.0,35,SALT LAKE
699,350699,349.0,1015.74429,2.910442091,32.0,12.0,0.7,19.3,92.00386585,0.5,11.5,0.333333333,0.333333333,4.0,4.333333333,3.0,8.0,0.0,0.0,24.66723116,35.33663468,38904,0.0,0.0,0.0,35,SALT LAKE
700,350700,41.83333333,115.8483664,2.769283659,23.3,0.3,5.3,17.7,55.66881658,0.166666667,0.166666667,0.5,4.833333333,0.833333333,10.16666667,0.166666667,6.5,0.0,0.0,28.0017613,4.33372194,57201,0.0,0.0,0.0,35,SALT LAKE
701,350701,467.6666667,1423.385862,3.043590582,0.0,0.0,0.0,0.0,86.86309724,0.0,0.0,0.0,0.0,0.0,0.0,0.0,0.0,2.857264695,0.0,36.50182166,47.50401088,57201,351.0,151.0,0.0,35,SALT LAKE
702,350702,285.5,858.6351456,3.007478619,328.8,25.3,8.2,295.3,380.837762,8.0,17.33333333,5.333333333,2.833333333,9.333333333,85.66666667,188.8333333,11.5,0.0,0.0,23.16872662,28.83570205,38904,683.0,15.0,50.0,35,SALT LAKE
703,350703,604.3333333,1995.153674,3.301412588,0.0,0.0,0.0,0.0,67.17327211,0.0,0.0,0.0,0.0,0.0,0.0,0.0,0.0,0.0,0.0,5.834475041,61.33879707,57201,0.0,0.0,0.0,35,SALT LAKE
704,350704,790.6666667,2199.494429,2.781822634,720.2,75.0,264.3,380.8,949.0138032,25.0,50.0,260.3333333,4.0,24.66666667,25.5,34.83333333,295.8333333,0.0,0.0,148.5064202,80.34071626,48040,0.0,0.0,0.0,35,SALT LAKE
705,350705,995.8333333,3146.792351,3.159958846,159.3,33.3,6.0,120.0,316.1774197,32.16666667,1.166666667,6.0,0.0,7.333333333,83.66666667,6.166666667,22.83333333,0.0,0.0,55.66882683,101.1752595,49401,501.0,0.0,0.0,35,SALT LAKE
706,350706,73.0,207.2405754,2.838911992,1070.2,97.8,208.5,763.8,1102.002436,96.16666667,1.666666667,47.83333333,160.6666667,5.166666667,275.3333333,27.5,455.8333333,0.0,0.0,24.16815699,7.667612663,55447,0.0,0.0,0.0,35,SALT LAKE
707,350707,1029.333333,2916.063629,2.832963371,0.2,0.0,0.0,0.2,392.1952218,0.0,0.0,0.0,0.0,0.0,0.0,0.0,0.166666667,0.0,0.0,287.3499586,104.6785966,55447,0.0,0.0,0.0,35,SALT LAKE
708,350708,581.0,1538.793183,2.648525272,0.0,0.0,0.0,0.0,712.5638963,0.0,0.0,0.0,0.0,0.0,0.0,0.0,0.0,0.0,0.0,653.3910976,59.17279873,55447,0.0,0.0,0.0,35,SALT LAKE
709,350709,510.8333333,1772.620698,3.470056832,146.8,11.3,8.8,126.7,198.8377294,0.0,11.33333333,0.0,8.833333333,22.16666667,96.5,0.0,8.0,0.0,0.0,0.0,52.00439609,55447,785.0,0.0,0.0,35,SALT LAKE
710,350710,493.5,1619.904251,3.282480751,0.0,0.0,0.0,0.0,196.5095216,0.0,0.0,0.0,0.0,0.0,0.0,0.0,0.0,0.0,0.0,146.3383912,50.17113037,63528,0.0,0.0,0.0,35,SALT LAKE
711,350711,1029.166667,3310.014811,3.216208723,39.0,30.7,0.3,8.0,156.0184822,5.0,25.66666667,0.333333333,0.0,0.333333333,1.5,1.0,5.166666667,1.008273417,0.0,11.33459793,104.6756109,55447,0.0,0.0,0.0,35,SALT LAKE
712,350712,717.0,2638.758395,3.680276701,187.2,4.2,52.3,130.7,260.0064842,0.333333333,3.833333333,0.166666667,52.16666667,3.0,101.1666667,3.5,23.0,0.0,0.0,0.0,72.8398175,67929,551.0,0.0,0.0,35,SALT LAKE
713,350713,0.0,0.0,0.0,0.0,0.0,0.0,0.0,0.0,0.0,0.0,0.0,0.0,0.0,0.0,0.0,0.0,0.0,0.0,0.0,0.0,69092,0.0,0.0,0.0,35,SALT LAKE
714,350714,0.0,0.0,0.0,0.0,0.0,0.0,0.0,0.0,0.0,0.0,0.0,0.0,0.0,0.0,0.0,0.0,0.0,0.0,0.0,0.0,69092,0.0,0.0,0.0,35,SALT LAKE
715,350715,87.33333333,246.2175972,2.819285465,47.3,0.7,2.3,44.3,225.3398595,0.5,0.166666667,1.666666667,0.666666667,3.0,13.33333333,0.833333333,27.16666667,0.0,0.0,169.3391364,8.667389819,69092,0.0,0.0,0.0,35,SALT LAKE
716,350716,2.0,6.419225297,3.209612648,0.5,0.2,0.0,0.3,48.33549347,0.0,0.166666667,0.0,0.0,0.0,0.166666667,0.0,0.166666667,0.0,0.0,47.83549347,0.0,69092,0.0,0.0,0.0,35,SALT LAKE
717,350717,256.1666667,773.4968397,3.019506206,1673.3,439.5,23.8,1210.0,1699.335884,348.8333333,90.66666667,23.83333333,0.0,0.0,41.83333333,116.0,1052.166667,0.0,0.0,0.166676702,25.83587408,59941,0.0,0.0,0.0,35,SALT LAKE
718,350718,556.8333333,2004.635056,3.600062956,165.5,0.3,0.0,165.2,222.3382396,0.0,0.333333333,0.0,0.0,0.5,159.8333333,0.0,4.833333333,0.0,0.0,0.0,56.83823962,48221,564.0,1163.0,0.0,35,SALT LAKE
719,350719,441.5,1587.841091,3.596469063,233.8,108.0,24.2,101.7,279.8373319,103.8333333,4.166666667,24.0,0.166666667,2.0,15.83333333,58.33333333,25.5,0.0,0.0,1.00004516,45.00395338,46568,0.0,0.0,0.0,35,SALT LAKE
720,350720,326.1666667,1063.451526,3.260454347,0.0,0.0,0.0,0.0,33.00289915,0.0,0.0,0.0,0.0,0.0,0.0,0.0,0.0,0.0,0.0,0.0,33.00289915,59941,0.0,0.0,0.0,35,SALT LAKE
721,350721,484.5,1762.547268,3.637868459,0.2,0.0,0.0,0.2,95.84360196,0.0,0.0,0.0,0.0,0.0,0.0,0.166666667,0.0,0.0,0.0,46.50601452,49.17092077,69159,0.0,0.0,0.0,35,SALT LAKE
722,350722,69.66666667,197.7802151,2.838950457,80.7,1.5,60.0,19.2,138.0045042,1.5,0.0,59.0,1.0,2.833333333,7.833333333,1.666666667,6.833333333,0.0,0.0,50.00368323,7.33415433,63014,0.0,0.0,0.0,35,SALT LAKE
723,350723,711.8333333,2391.781558,3.360030286,335.8,25.0,166.0,144.8,467.1827342,23.5,1.5,163.1666667,2.833333333,0.166666667,98.0,3.0,43.66666667,1.008273417,0.0,58.00145516,72.33967226,58366,610.0,0.0,0.0,35,SALT LAKE
724,350724,528.0,1745.874919,3.306581286,0.0,0.0,0.0,0.0,53.6714276,0.0,0.0,0.0,0.0,0.0,0.0,0.0,0.0,0.0,0.0,0.0,53.6714276,47826,246.0,105.0,105.0,35,SALT LAKE
725,350725,534.0,1774.458647,3.322956269,0.8,0.0,0.0,0.8,54.83807739,0.0,0.0,0.0,0.0,0.333333333,0.333333333,0.0,0.166666667,0.0,0.0,0.0,54.00474406,47540,0.0,0.0,0.0,35,SALT LAKE
726,350726,1009.666667,3444.822146,3.411841016,340.0,112.5,14.3,213.2,471.3438691,111.8333333,0.666666667,0.333333333,14.0,2.5,140.1666667,63.0,7.5,0.0,0.0,28.50150045,102.8423687,54610,630.0,640.0,0.0,35,SALT LAKE
727,350727,770.6666667,2917.536531,3.785730793,100.2,8.0,16.7,75.5,178.3402568,8.0,0.0,15.0,1.666666667,0.0,53.5,2.0,20.0,0.0,0.0,0.0,78.17359014,64138,610.0,0.0,0.0,35,SALT LAKE
728,350728,0.0,0.0,0.0,1.3,0.0,0.0,1.3,1.333333333,0.0,0.0,0.0,0.0,0.333333333,0.166666667,0.0,0.833333333,0.0,0.0,0.0,0.0,72037,0.0,0.0,0.0,35,SALT LAKE
729,350729,0.0,0.0,0.0,5.2,0.0,0.0,5.2,5.166666667,0.0,0.0,0.0,0.0,0.166666667,0.333333333,0.166666667,4.5,0.0,0.0,0.0,0.0,72037,0.0,0.0,0.0,35,SALT LAKE
730,350730,204.8333333,817.0753251,3.988976364,49.3,13.0,8.2,28.2,71.50184491,13.0,0.0,0.166666667,8.0,1.166666667,16.16666667,6.5,4.333333333,0.0,0.0,1.166666667,21.00184491,72037,0.0,0.0,0.0,35,SALT LAKE
731,350731,1.0,1.83406437,1.83406437,0.0,0.0,0.0,0.0,0.0,0.0,0.0,0.0,0.0,0.0,0.0,0.0,0.0,0.0,0.0,0.0,0.0,72037,0.0,0.0,0.0,35,SALT LAKE
732,350732,723.3333333,2536.059378,3.506072873,6.0,0.0,2.0,4.0,96.50864017,0.0,0.0,1.0,1.0,3.166666667,0.5,0.166666667,0.166666667,0.0,0.0,17.00218299,73.50645718,72037,0.0,0.0,0.0,35,SALT LAKE
733,350733,0.0,0.0,0.0,805.0,0.5,753.2,51.3,805.0,0.0,0.5,749.5,3.666666667,0.0,40.0,0.0,11.33333333,0.0,0.0,0.0,0.0,72037,0.0,0.0,0.0,35,SALT LAKE
734,350734,0.0,0.0,0.0,1208.0,0.0,1057.0,151.0,1208.0,0.0,0.0,1056.0,1.0,0.0,151.0,0.0,0.0,0.0,0.0,0.0,0.0,72037,0.0,0.0,0.0,35,SALT LAKE
735,350735,0.0,0.0,0.0,779.5,0.2,651.5,127.8,779.5,0.0,0.166666667,459.3333333,192.1666667,23.0,103.8333333,0.0,1.0,0.0,0.0,0.0,0.0,72037,0.0,0.0,0.0,35,SALT LAKE
736,350736,0.0,0.0,0.0,4.0,0.0,2.0,2.0,4.0,0.0,0.0,0.0,2.0,0.0,1.0,0.0,1.0,0.0,0.0,0.0,0.0,48032,0.0,0.0,0.0,35,SALT LAKE
737,350737,244.3333333,699.2715945,2.861957413,1578.0,12.0,230.3,1335.7,1854.597319,1.0,11.0,17.5,212.8333333,90.16666667,354.6666667,819.8333333,71.0,8.906909434,0.0,242.6879291,25.00248001,53680,0.0,0.0,0.0,35,SALT LAKE
738,350738,233.3333333,762.512766,3.267911854,2.2,0.0,0.0,2.2,32.33572636,0.0,0.0,0.0,0.0,0.0,0.166666667,0.0,2.0,0.0,0.0,6.333594258,23.83546544,53680,0.0,864.0,0.0,35,SALT LAKE
739,350739,0.0,0.0,0.0,727.8,10.2,236.2,481.5,727.8333333,10.16666667,0.0,13.5,222.6666667,35.16666667,125.3333333,0.0,321.0,0.0,0.0,0.0,0.0,53680,0.0,0.0,0.0,35,SALT LAKE
740,350740,0.0,0.0,0.0,806.0,0.0,629.2,176.8,806.0,0.0,0.0,581.0,48.16666667,3.0,173.8333333,0.0,0.0,0.0,0.0,0.0,0.0,53680,0.0,0.0,0.0,35,SALT LAKE
741,350741,0.0,0.0,0.0,2694.3,2.8,1011.2,1680.3,2704.668534,0.5,2.333333333,11.66666667,999.5,28.83333333,536.8333333,5.0,1109.666667,0.0,0.0,10.33520018,0.0,48032,0.0,0.0,0.0,35,SALT LAKE
742,350742,0.0,0.0,0.0,11416.7,1017.7,7885.8,2513.2,11416.66667,92.16666667,925.5,0.166666667,7885.666667,92.33333333,1287.166667,16.0,1117.666667,0.0,0.0,0.0,0.0,48032,0.0,0.0,0.0,35,SALT LAKE
743,350743,0.0,0.0,0.0,0.3,0.0,0.0,0.3,0.333333333,0.0,0.0,0.0,0.0,0.0,0.0,0.166666667,0.166666667,0.0,0.0,0.0,0.0,48032,0.0,0.0,0.0,35,SALT LAKE
744,350744,0.0,0.0,0.0,0.0,0.0,0.0,0.0,0.0,0.0,0.0,0.0,0.0,0.0,0.0,0.0,0.0,0.0,0.0,0.0,0.0,48032,0.0,0.0,0.0,35,SALT LAKE
745,350745,7.5,19.56385159,2.608513545,5983.0,129.5,1119.5,4734.0,6106.190856,47.5,82.0,891.5,228.0,1719.833333,1756.333333,82.66666667,1175.166667,1.008273417,0.0,121.1824945,1.000087853,53680,0.0,0.0,0.0,35,SALT LAKE
746,350746,0.0,0.0,0.0,8272.3,264.3,5182.7,2825.3,8272.333333,0.0,264.3333333,4765.166667,417.5,145.3333333,447.3333333,91.66666667,2141.0,0.0,0.0,0.0,0.0,48032,0.0,0.0,0.0,35,SALT LAKE
747,350747,0.0,0.0,0.0,316.2,0.2,16.8,299.2,342.0046671,0.0,0.166666667,16.83333333,0.0,0.0,25.16666667,0.166666667,273.8333333,0.0,0.0,25.83800046,0.0,48032,0.0,0.0,0.0,35,SALT LAKE
748,350748,2012.333333,7079.172238,3.517892449,403.5,140.0,0.8,262.7,608.0180875,138.1666667,1.833333333,0.333333333,0.5,1.5,183.3333333,3.333333333,74.5,0.0,0.0,0.0,204.5180875,39247,1374.0,88.0,0.0,35,SALT LAKE
749,350749,158.1666667,268.6957574,1.698814061,10.7,8.3,0.0,2.3,26.66801825,0.166666667,8.166666667,0.0,0.0,0.166666667,1.166666667,0.333333333,0.666666667,0.0,0.0,0.0,16.00135158,23886,0.0,0.0,0.0,35,SALT LAKE
750,350750,435.6666667,1472.894509,3.380783111,355.5,138.5,24.2,192.8,407.3390838,42.5,96.0,24.0,0.166666667,11.33333333,91.33333333,42.33333333,47.83333333,0.0,0.0,7.66805175,44.171032,23971,0.0,0.0,0.0,35,SALT LAKE
751,350751,59.16666667,185.8513448,3.14114949,76.0,0.0,0.0,76.0,82.00052712,0.0,0.0,0.0,0.0,0.333333333,75.66666667,0.0,0.0,0.0,0.0,0.0,6.000527118,53680,299.0,0.0,0.0,35,SALT LAKE
752,350752,657.3333333,1744.955483,2.65459759,244.2,17.5,3.2,223.5,310.8391486,0.166666667,17.33333333,3.166666667,0.0,1.666666667,193.3333333,23.16666667,5.333333333,0.0,0.0,0.0,66.67248189,41455,496.0,171.0,171.0,35,SALT LAKE
753,350753,446.5,1383.504102,3.098553419,48.3,7.3,7.2,33.8,93.83736103,0.166666667,7.166666667,7.166666667,0.0,3.833333333,3.666666667,11.66666667,14.66666667,0.0,0.0,0.0,45.5040277,52726,0.0,0.0,0.0,35,SALT LAKE
754,350754,788.8333333,2148.451174,2.723580613,132.0,56.3,2.3,73.3,213.6738957,11.33333333,45.0,1.333333333,1.0,0.166666667,69.16666667,0.5,3.5,0.0,0.0,1.333534068,80.34036158,39997,0.0,0.0,0.0,35,SALT LAKE
755,350755,1432.666667,3746.693813,2.615188795,450.5,254.2,9.2,187.2,615.1810998,232.5,21.66666667,0.833333333,8.333333333,8.833333333,75.0,6.333333333,97.0,0.0,0.0,19.00178901,145.6793108,46879,472.0,0.0,0.0,35,SALT LAKE
756,350756,547.1666667,1845.682373,3.373163034,40.0,0.0,0.2,39.8,96.8382611,0.0,0.0,0.166666667,0.0,0.166666667,1.666666667,14.16666667,23.83333333,0.0,0.0,1.00004516,55.83821594,31877,516.0,0.0,0.0,35,SALT LAKE
757,350757,1134.333333,3277.29701,2.889183377,2439.5,245.5,186.3,2007.7,2730.536239,132.1666667,113.3333333,153.8333333,32.5,97.0,1603.166667,3.5,304.0,0.0,0.0,175.8589926,115.1772459,30732,0.0,0.0,0.0,35,SALT LAKE
758,350758,113.6666667,323.8954949,2.849520483,803.3,109.8,246.8,446.7,883.8477603,47.0,62.83333333,140.0,106.8333333,102.6666667,76.66666667,6.333333333,261.0,0.0,0.0,68.84604755,11.6683794,32659,0.0,0.0,0.0,35,SALT LAKE
759,350759,363.5,855.4246036,2.353300147,3185.0,360.3,31.0,2793.7,3267.173671,55.16666667,305.1666667,12.0,19.0,233.1666667,2129.5,79.5,351.5,0.0,0.0,45.00336226,37.17030888,23548,0.0,0.0,0.0,35,SALT LAKE
760,350760,513.6666667,1522.881651,2.964727419,16.8,2.5,0.0,14.3,69.50462908,1.666666667,0.833333333,0.0,0.0,0.833333333,0.333333333,5.5,7.666666667,0.0,0.0,0.500097861,52.17119788,39988,561.0,0.0,0.0,35,SALT LAKE
761,350761,941.5,2790.214225,2.963583882,142.0,1.0,0.7,140.3,263.3420156,0.666666667,0.333333333,0.666666667,0.0,38.5,10.5,75.5,15.83333333,0.0,0.0,25.500424,95.84159158,32682,0.0,0.0,0.0,35,SALT LAKE
762,350762,20.66666667,52.87784071,2.558605196,74.3,6.7,14.2,53.5,76.33350225,0.0,6.666666667,14.16666667,0.0,9.166666667,37.66666667,0.5,6.166666667,0.0,0.0,0.0,2.000168915,39988,0.0,0.0,0.0,35,SALT LAKE
763,350763,120.0,345.1115867,2.875929889,124.8,60.8,14.3,49.7,145.5017008,32.5,28.33333333,14.16666667,0.166666667,26.16666667,4.166666667,0.666666667,18.66666667,0.0,0.0,8.500551967,12.16781546,38680,0.0,0.0,0.0,35,SALT LAKE
764,350764,193.5,512.4765487,2.648457616,444.8,227.0,5.7,212.2,479.5026915,94.83333333,132.1666667,4.666666667,1.0,53.66666667,62.16666667,16.66666667,79.66666667,0.0,0.0,15.00092083,19.66843729,38680,496.0,0.0,0.0,35,SALT LAKE
765,350765,362.0,915.2029668,2.528184991,1424.7,67.5,828.3,528.8,1614.682113,11.83333333,55.66666667,132.0,696.3333333,369.5,74.16666667,1.166666667,84.0,0.0,0.0,153.1790916,36.83635433,31943,0.0,0.0,0.0,35,SALT LAKE
766,350766,200.8333333,536.6362871,2.672047902,1318.2,16.5,523.8,777.8,1531.520423,10.33333333,6.166666667,245.5,278.3333333,654.0,83.16666667,5.166666667,35.5,0.0,0.0,193.1857687,20.16798784,43133,0.0,0.0,0.0,35,SALT LAKE
767,350767,118.8333333,330.601614,2.782061268,393.7,65.7,48.5,279.5,424.8353508,56.0,9.666666667,34.0,14.5,174.5,13.66666667,11.83333333,79.5,0.0,0.0,19.00098352,12.16770061,43133,0.0,0.0,0.0,35,SALT LAKE
768,350768,82.33333333,216.7220297,2.632251372,282.5,106.2,26.3,150.0,321.3368401,48.66666667,57.5,11.66666667,14.66666667,37.0,11.16666667,30.83333333,71.0,0.0,0.0,30.50285791,8.333982156,43133,0.0,0.0,0.0,35,SALT LAKE
769,350769,97.66666667,246.2266713,2.521092197,232.2,10.7,23.8,197.7,255.0029535,3.666666667,7.0,22.66666667,1.166666667,73.0,3.333333333,97.83333333,23.5,0.0,0.0,13.00208514,9.834201731,43133,0.0,0.0,0.0,35,SALT LAKE
770,350770,0.0,0.0,0.0,2317.5,2.5,1595.8,719.2,2411.171827,0.166666667,2.333333333,117.8333333,1478.0,15.5,368.1666667,0.0,335.5,0.0,0.0,93.67182747,0.0,33251,0.0,0.0,0.0,35,SALT LAKE
771,350771,1.0,3.668128741,3.668128741,3492.5,0.3,1572.0,1920.2,3503.500755,0.166666667,0.166666667,164.1666667,1407.833333,605.3333333,794.5,0.833333333,519.5,0.0,0.0,11.00075522,0.0,54363,0.0,0.0,0.0,35,SALT LAKE
772,350772,0.0,0.0,0.0,1650.2,71.8,606.8,971.5,1777.350333,0.666666667,71.16666667,90.16666667,516.6666667,263.8333333,445.6666667,0.5,261.5,0.0,0.0,127.1836663,0.0,54363,0.0,0.0,0.0,35,SALT LAKE
773,350773,1.0,1.83406437,1.83406437,786.7,64.3,447.3,275.0,802.3340935,64.0,0.333333333,390.3333333,57.0,36.33333333,121.0,0.5,117.1666667,0.0,0.0,15.66742686,0.0,33251,0.0,0.0,0.0,35,SALT LAKE
774,350774,0.0,0.0,0.0,289.0,0.0,100.0,189.0,322.0014903,0.0,0.0,14.5,85.5,11.16666667,89.5,0.333333333,88.0,0.0,0.0,33.00149027,0.0,54363,0.0,0.0,0.0,35,SALT LAKE
775,350775,4.0,6.419225297,1.604806324,0.5,0.0,0.0,0.5,0.5,0.0,0.0,0.0,0.0,0.0,0.333333333,0.0,0.166666667,0.0,0.0,0.0,0.0,54363,0.0,0.0,0.0,35,SALT LAKE
776,350776,0.0,0.0,0.0,4621.2,395.8,838.0,3387.3,4694.013454,393.8333333,2.0,196.3333333,641.6666667,257.8333333,2713.5,1.5,414.5,0.0,0.0,72.84678777,0.0,54363,0.0,0.0,0.0,35,SALT LAKE
777,350777,1.0,4.585160926,4.585160926,1253.2,1.8,741.8,509.5,1259.000672,1.666666667,0.166666667,413.8333333,328.0,35.83333333,167.0,0.166666667,306.5,0.0,0.0,5.834005778,0.0,54363,0.0,0.0,0.0,35,SALT LAKE
778,350778,1.0,3.668128741,3.668128741,417.0,0.2,368.8,48.0,437.1675774,0.166666667,0.0,84.66666667,284.1666667,13.5,30.16666667,0.0,4.333333333,0.0,0.0,20.16757739,0.0,54363,0.0,0.0,0.0,35,SALT LAKE
779,350779,5.0,7.0,1.4,2532.5,4.7,1605.3,922.5,2535.833562,0.166666667,4.5,884.3333333,721.0,67.33333333,292.8333333,247.5,314.8333333,0.0,0.0,2.333473832,1.000087853,54363,0.0,0.0,0.0,35,SALT LAKE
780,350780,1.0,1.83406437,1.83406437,4162.5,387.0,2772.5,1003.0,4162.5,383.5,3.5,629.6666667,2142.833333,235.6666667,298.1666667,0.5,468.6666667,0.0,0.0,0.0,0.0,54363,0.0,0.0,0.0,35,SALT LAKE
781,350781,1.0,1.83406437,1.83406437,1135.5,0.5,662.7,472.3,1135.5,0.5,0.0,260.1666667,402.5,8.5,153.0,0.0,310.8333333,0.0,0.0,0.0,0.0,54363,0.0,0.0,0.0,35,SALT LAKE
782,350782,0.0,0.0,0.0,3109.5,89.8,2341.8,677.8,3122.167429,89.83333333,0.0,1183.166667,1158.666667,98.16666667,167.6666667,0.0,412.0,0.0,0.0,12.66742937,0.0,54363,0.0,0.0,0.0,35,SALT LAKE
783,350783,0.0,0.0,0.0,1417.5,153.8,882.0,381.7,1436.834497,111.3333333,42.5,466.0,416.0,93.33333333,114.0,14.83333333,159.5,0.0,0.0,19.33449747,0.0,54363,0.0,0.0,0.0,35,SALT LAKE
784,350784,1301.166667,4025.786,3.093981811,165.5,34.3,8.2,123.0,362.8517051,2.666666667,31.66666667,6.0,2.166666667,8.0,58.0,51.5,5.5,0.0,0.0,64.83989228,132.5118128,27529,532.0,0.0,0.0,35,SALT LAKE
785,350785,1267.166667,3437.352061,2.712628221,95.7,13.8,33.7,48.2,231.8451749,6.0,7.833333333,15.0,18.66666667,3.333333333,8.5,8.333333333,28.0,0.0,0.0,7.334693342,128.8438149,27818,0.0,0.0,0.0,35,SALT LAKE
786,350786,567.5,1812.367597,3.193599289,15.5,1.0,0.3,14.2,79.00525768,0.666666667,0.333333333,0.166666667,0.166666667,0.833333333,0.166666667,0.333333333,12.83333333,0.0,0.0,5.667007878,57.83824981,42980,0.0,0.0,0.0,35,SALT LAKE
787,350787,418.5,1310.605103,3.131672886,160.5,0.3,23.7,136.5,228.0072499,0.166666667,0.166666667,1.5,22.16666667,24.0,47.66666667,55.66666667,9.166666667,0.0,0.0,24.83703189,42.67021799,32919,448.0,0.0,0.0,35,SALT LAKE
788,350788,759.6666667,2212.322971,2.91222857,372.2,169.8,56.2,146.2,501.0086474,150.5,19.33333333,44.66666667,11.5,17.0,34.16666667,65.16666667,29.83333333,0.0,0.0,51.66872162,77.17325913,29253,0.0,0.0,0.0,35,SALT LAKE
789,350789,688.5,2249.320186,3.266986473,372.2,19.2,142.5,210.5,473.0120528,15.33333333,3.833333333,26.5,116.0,45.16666667,55.33333333,27.0,83.0,0.0,0.0,30.83936807,70.00601802,32822,377.0,108.0,0.0,35,SALT LAKE
790,350790,684.0,2303.277077,3.367364148,155.3,31.3,0.3,123.7,240.6737363,31.16666667,0.166666667,0.333333333,0.0,2.0,93.5,0.333333333,27.83333333,0.0,0.0,15.83425664,69.5061463,39253,396.0,0.0,0.0,35,SALT LAKE
791,350791,294.8333333,849.628728,2.881725477,88.0,2.0,35.7,50.3,131.3361683,1.333333333,0.666666667,35.0,0.666666667,26.33333333,4.666666667,1.333333333,18.0,0.0,0.0,13.50034124,29.83582707,37038,0.0,0.0,0.0,35,SALT LAKE
792,350792,137.3333333,379.1922993,2.761108976,340.7,0.3,214.8,125.5,354.6678966,0.0,0.333333333,178.3333333,36.5,98.33333333,19.0,0.166666667,8.0,0.0,0.0,0.0,14.00122994,37038,0.0,0.0,0.0,35,SALT LAKE
793,350793,0.0,0.0,0.0,509.3,32.0,293.5,183.8,511.8334839,31.66666667,0.333333333,239.1666667,54.33333333,8.5,11.66666667,0.5,163.1666667,0.0,0.0,2.500150534,0.0,37038,0.0,0.0,0.0,35,SALT LAKE
794,350794,0.0,0.0,0.0,0.0,0.0,0.0,0.0,0.0,0.0,0.0,0.0,0.0,0.0,0.0,0.0,0.0,0.0,0.0,0.0,0.0,33251,0.0,0.0,0.0,35,SALT LAKE
795,350795,0.0,0.0,0.0,6579.8,241.3,3023.7,3314.8,6610.837408,240.1666667,1.166666667,617.5,2406.166667,18.83333333,539.8333333,20.16666667,2736.0,0.0,0.0,31.00407487,0.0,54363,0.0,0.0,0.0,35,SALT LAKE
796,350796,0.0,0.0,0.0,6544.7,453.2,3309.3,2782.2,6544.666667,418.1666667,35.0,1050.166667,2259.166667,307.6666667,295.1666667,21.83333333,2157.5,0.0,0.0,0.0,0.0,54363,0.0,0.0,0.0,35,SALT LAKE
797,350797,0.0,0.0,0.0,8015.7,128.3,4326.3,3561.0,8036.001224,93.0,35.33333333,2554.0,1772.333333,344.5,327.8333333,32.5,2856.166667,0.0,0.0,20.33455768,0.0,54363,0.0,0.0,0.0,35,SALT LAKE
798,350798,0.0,0.0,0.0,4790.2,201.7,2825.3,1763.2,4811.835516,149.6666667,52.0,1072.833333,1752.5,78.0,1157.666667,0.666666667,526.8333333,0.0,0.0,21.66884958,0.0,54363,0.0,0.0,0.0,35,SALT LAKE
799,350799,0.0,0.0,0.0,2912.5,147.3,1605.3,1159.8,2912.5,146.3333333,1.0,1085.0,520.3333333,409.1666667,70.0,11.33333333,669.3333333,0.0,0.0,0.0,0.0,54363,0.0,0.0,0.0,35,SALT LAKE
800,350800,1.0,6.419225297,6.419225297,6188.2,1207.5,2117.3,2863.3,6188.833454,1146.666667,60.83333333,942.0,1175.333333,770.6666667,1329.0,49.66666667,714.0,0.0,0.0,0.666787109,0.0,54363,0.0,0.0,0.0,35,SALT LAKE
801,350801,955.3333333,3376.360108,3.534222025,551.0,86.0,81.8,383.2,648.1751783,21.83333333,64.16666667,12.0,69.83333333,85.5,195.3333333,14.33333333,88.0,0.0,0.0,0.0,97.17517829,41581,597.0,816.0,0.0,35,SALT LAKE
802,350802,1.0,1.0,1.0,1235.3,214.3,57.8,963.2,1244.333735,166.1666667,48.16666667,7.5,50.33333333,183.1666667,167.6666667,83.83333333,528.5,0.0,0.0,9.000401425,0.0,29459,0.0,0.0,0.0,35,SALT LAKE
803,350803,0.0,0.0,0.0,392.2,0.0,0.3,391.8,392.1666667,0.0,0.0,0.0,0.333333333,0.333333333,19.16666667,0.166666667,372.1666667,0.0,0.0,0.0,0.0,29459,0.0,0.0,0.0,35,SALT LAKE
804,350804,397.5,1357.35487,3.414729234,1102.7,97.0,295.3,710.3,1201.676683,75.0,22.0,198.8333333,96.5,136.8333333,191.1666667,24.33333333,358.0,0.0,0.0,58.33936274,40.67065365,33711,379.0,0.0,0.0,35,SALT LAKE
805,350805,0.0,0.0,0.0,1685.3,353.2,307.8,1024.3,1685.333333,342.1666667,11.0,210.8333333,97.0,13.83333333,96.66666667,1.5,912.3333333,0.0,0.0,0.0,0.0,27591,0.0,0.0,0.0,35,SALT LAKE
806,350806,18.16666667,58.38338182,3.213764137,3811.8,539.7,1696.5,1575.7,3839.835634,473.1666667,66.5,723.8333333,972.6666667,160.0,223.1666667,4.0,1188.5,0.0,0.0,26.00212517,2.000175706,27591,0.0,0.0,0.0,35,SALT LAKE
807,350807,0.0,0.0,0.0,355.5,15.3,270.0,70.2,355.5,15.33333333,0.0,13.5,256.5,1.0,7.166666667,0.0,62.0,0.0,0.0,0.0,0.0,27591,0.0,0.0,0.0,35,SALT LAKE
808,350808,0.833333333,4.585463732,5.502556478,98.0,9.0,32.8,56.2,113.6684356,9.0,0.0,5.166666667,27.66666667,5.833333333,2.0,10.5,37.83333333,0.0,0.0,15.66843561,0.0,55447,0.0,0.0,0.0,35,SALT LAKE
809,350809,511.0,1339.21608,2.620775108,371.2,241.2,40.2,89.8,551.0165111,172.8333333,68.33333333,0.166666667,40.0,17.5,11.83333333,24.16666667,36.33333333,0.0,0.0,127.8450359,52.00480851,55447,0.0,0.0,0.0,35,SALT LAKE
810,350810,384.3333333,1090.20875,2.83662294,610.2,362.5,0.2,247.5,808.3486793,242.6666667,119.8333333,0.166666667,0.0,20.83333333,74.66666667,87.16666667,64.83333333,0.0,0.0,159.0118453,39.17016731,63528,0.0,0.0,0.0,35,SALT LAKE
811,350811,188.0,481.9202991,2.563405846,1696.7,1146.3,1.2,549.2,1814.513028,830.5,315.8333333,0.833333333,0.333333333,205.1666667,34.16666667,48.66666667,261.1666667,0.0,0.0,98.84689792,18.99946389,67929,0.0,0.0,0.0,35,SALT LAKE
812,350812,18.83333333,49.50301004,2.628478409,5931.0,139.0,3478.2,2313.8,6068.171052,69.83333333,69.16666667,74.66666667,3403.5,31.33333333,577.5,0.0,1705.0,0.0,0.0,135.3378196,1.833232066,54363,0.0,0.0,0.0,35,SALT LAKE
813,350813,1.0,1.0,1.0,4874.0,25.8,3556.0,1292.2,4874.333348,25.5,0.333333333,311.6666667,3244.333333,342.3333333,263.3333333,0.166666667,686.3333333,0.0,0.0,0.333348387,0.0,54363,0.0,0.0,0.0,35,SALT LAKE
814,350814,1.0,4.584769269,4.584769269,5583.5,13.5,295.3,5274.7,5744.015639,1.666666667,11.83333333,170.1666667,125.1666667,2091.0,2113.333333,122.8333333,947.5,0.0,0.0,160.5156393,0.0,54363,75.0,0.0,0.0,35,SALT LAKE
815,350815,0.0,0.0,0.0,7597.2,58.7,112.0,7426.5,7657.837144,8.666666667,50.0,55.0,57.0,462.0,773.6666667,5.666666667,6185.166667,0.0,0.0,60.67047773,0.0,54363,0.0,0.0,0.0,35,SALT LAKE
816,350816,0.0,0.0,0.0,3135.0,329.8,2168.5,636.7,3135.0,329.3333333,0.5,1603.666667,564.8333333,68.83333333,22.16666667,19.0,526.6666667,0.0,0.0,0.0,0.0,54363,0.0,0.0,0.0,35,SALT LAKE
817,350817,1250.0,3337.556299,2.670045039,2619.8,1276.5,150.3,1193.0,3044.713617,629.5,647.0,4.0,146.3333333,319.6666667,410.1666667,38.66666667,424.5,0.0,0.0,297.8683559,127.0119275,54363,1915.0,203.0,68.0,35,SALT LAKE
818,350818,290.0,974.0403402,3.358759794,0.0,0.0,0.0,0.0,34.66954906,0.0,0.0,0.0,0.0,0.0,0.0,0.0,0.0,0.0,0.0,5.333654473,29.33589459,48827,0.0,0.0,0.0,35,SALT LAKE
819,350819,672.6666667,2450.305856,3.642674711,4497.5,18.3,553.0,3926.2,4637.845599,7.166666667,11.16666667,1.666666667,551.3333333,733.3333333,468.3333333,20.66666667,2703.833333,0.0,0.0,71.83961852,68.50598077,50665,696.0,0.0,0.0,35,SALT LAKE
820,350820,241.1666667,712.5340034,2.954529385,10.0,0.2,0.2,9.7,37.50271591,0.0,0.166666667,0.0,0.166666667,5.5,0.0,2.833333333,1.333333333,0.0,0.0,3.000587164,24.50212874,54244,0.0,0.0,0.0,35,SALT LAKE
821,350821,350.6666667,1124.282467,3.206128707,5300.2,135.2,2428.0,2737.0,5371.17622,14.0,121.1666667,1045.166667,1382.833333,135.0,267.0,43.5,2291.5,0.0,0.0,35.17301998,35.83653317,36465,0.0,0.0,338.0,35,SALT LAKE
822,350822,1.0,1.0,1.0,3287.3,34.2,2257.2,996.0,3293.167339,19.5,14.66666667,233.3333333,2023.833333,426.6666667,223.0,0.166666667,346.1666667,0.0,0.0,5.834005778,0.0,36465,0.0,0.0,0.0,35,SALT LAKE
823,350823,0.0,0.0,0.0,1112.8,11.3,681.5,420.0,1112.833333,1.0,10.33333333,261.0,420.5,139.1666667,105.3333333,0.0,175.5,0.0,0.0,0.0,0.0,36465,0.0,0.0,0.0,35,SALT LAKE
824,350824,0.0,0.0,0.0,401.3,36.3,120.5,244.5,401.3333333,20.66666667,15.66666667,32.33333333,88.16666667,0.333333333,225.3333333,0.666666667,18.16666667,0.0,0.0,0.0,0.0,54363,718.0,308.0,308.0,35,SALT LAKE
825,350825,1337.833333,4126.191164,3.084234083,311.8,33.8,149.3,128.7,477.3482874,7.833333333,26.0,95.0,54.33333333,29.33333333,57.0,1.333333333,41.0,0.0,0.0,29.5035128,136.0114413,34750,0.0,0.0,0.0,35,SALT LAKE
826,350826,541.1666667,1603.585503,2.963200807,540.8,115.2,243.3,182.3,608.1724404,115.0,0.166666667,23.0,220.3333333,14.33333333,108.3333333,0.166666667,59.5,0.0,0.0,12.16769289,55.17141413,37168,923.0,0.0,0.0,35,SALT LAKE
827,350827,655.5,1990.335165,3.036361808,3.7,0.2,0.0,3.5,166.1875498,0.166666667,0.0,0.0,0.0,0.0,0.0,0.0,3.5,0.0,0.0,95.85064687,66.67023631,37844,0.0,0.0,0.0,35,SALT LAKE
828,350828,176.8333333,441.7030972,2.497849748,131.0,80.3,0.5,50.2,152.6685866,42.66666667,37.66666667,0.5,0.0,0.833333333,1.666666667,2.166666667,45.5,0.0,0.0,3.833506445,17.83508019,29811,0.0,0.0,0.0,35,SALT LAKE
829,350829,798.0,2284.028886,2.862191586,760.5,146.5,24.3,589.7,871.6776318,37.66666667,108.8333333,21.16666667,3.166666667,5.0,224.5,32.66666667,327.5,0.0,0.0,30.17034013,81.0072917,31602,823.0,893.0,0.0,35,SALT LAKE
830,350830,590.5,1570.260566,2.659205024,906.5,138.0,0.5,768.0,1019.511155,66.33333333,71.66666667,0.333333333,0.166666667,43.0,7.0,3.5,714.5,0.0,0.0,52.83901156,60.17214392,49870,0.0,0.0,0.0,35,SALT LAKE
831,350831,425.0,1339.014034,3.150621257,76.8,36.3,3.7,36.8,144.0061315,36.33333333,0.0,0.5,3.166666667,16.83333333,0.5,0.166666667,19.33333333,0.0,0.0,23.83548113,43.33731706,36786,0.0,0.0,0.0,35,SALT LAKE
832,350832,10.83333333,28.88946439,2.66671979,8535.3,434.7,4056.7,4044.0,8545.668566,381.1666667,53.5,1321.5,2735.166667,760.8333333,755.8333333,43.33333333,2484.0,0.0,0.0,9.168460778,1.166771414,31553,0.0,0.0,0.0,35,SALT LAKE
833,350833,136.3333333,392.0255598,2.875493104,1455.8,67.2,129.8,1258.8,1469.667799,2.166666667,65.0,61.33333333,68.5,694.0,147.6666667,3.5,413.6666667,0.0,0.0,0.0,13.83446531,31553,481.0,287.0,150.0,35,SALT LAKE
834,350834,179.0,575.5996589,3.215640553,975.5,42.0,184.0,749.5,1024.173738,41.66666667,0.333333333,53.16666667,130.8333333,112.1666667,116.8333333,46.83333333,473.6666667,0.0,0.0,30.33896153,18.33477624,31553,794.0,0.0,0.0,35,SALT LAKE
835,350835,813.6666667,2034.754432,2.500722367,3211.7,23.0,158.0,3030.7,3365.83993,8.333333333,14.66666667,75.0,83.0,1666.166667,149.8333333,335.0,879.6666667,0.0,0.0,71.66756998,82.50569382,31553,0.0,0.0,0.0,35,SALT LAKE
836,350836,0.0,0.0,0.0,1585.7,694.7,13.3,877.7,1585.666667,224.3333333,470.3333333,0.0,13.33333333,110.0,40.5,8.666666667,718.5,0.0,0.0,0.0,0.0,35432,0.0,0.0,0.0,35,SALT LAKE
837,350837,583.3333333,1506.209438,2.582073323,1716.0,533.2,25.7,1157.2,1825.674054,289.1666667,244.0,12.5,13.16666667,125.0,38.83333333,11.66666667,981.6666667,0.0,0.0,50.33596279,59.33809122,35432,0.0,0.0,0.0,35,SALT LAKE
838,350838,980.1666667,2680.80701,2.735052212,5027.8,109.3,352.0,4566.5,5194.0145,56.33333333,53.0,146.0,206.0,786.1666667,224.6666667,1002.5,2553.166667,0.0,0.0,66.84008801,99.3410783,31627,0.0,0.0,223.0,35,SALT LAKE
839,350839,515.8333333,1316.598973,2.552372808,472.2,5.7,15.3,451.2,595.0108529,4.166666667,1.5,12.83333333,2.5,180.5,25.16666667,107.8333333,137.6666667,0.0,0.0,70.50628794,52.33789829,42463,0.0,0.0,0.0,35,SALT LAKE
840,350840,65.0,177.7491166,2.734601794,101.2,0.2,0.7,100.3,129.8366964,0.0,0.166666667,0.0,0.666666667,0.333333333,87.0,5.833333333,7.166666667,0.0,0.0,22.00242385,6.667605848,42463,403.0,173.0,0.0,35,SALT LAKE
841,350841,755.0,1794.609487,2.376966208,522.0,215.0,14.8,292.2,672.6838451,101.5,113.5,8.5,6.333333333,107.1666667,27.0,7.833333333,150.1666667,0.0,0.0,73.67763433,77.00621079,42463,0.0,0.0,0.0,35,SALT LAKE
842,350842,0.0,0.0,0.0,2020.3,52.2,1029.2,939.0,2020.333333,50.16666667,2.0,518.5,510.6666667,319.5,129.6666667,0.5,489.3333333,0.0,0.0,0.0,0.0,29125,0.0,0.0,0.0,35,SALT LAKE
843,350843,0.0,0.0,0.0,1784.3,240.3,1021.2,522.8,1786.166777,231.5,8.833333333,514.8333333,506.3333333,188.5,105.6666667,0.333333333,228.3333333,0.0,0.0,1.833443725,0.0,29125,0.0,0.0,0.0,35,SALT LAKE
844,350844,0.0,0.0,0.0,663.2,42.8,452.2,168.2,663.1666667,42.5,0.333333333,311.8333333,140.3333333,51.0,48.83333333,0.0,68.33333333,0.0,0.0,0.0,0.0,29125,0.0,0.0,0.0,35,SALT LAKE
845,350845,283.1666667,553.2774794,1.953893394,1937.7,268.5,684.2,985.0,1967.669372,268.1666667,0.333333333,78.66666667,605.5,9.833333333,141.8333333,184.5,648.8333333,0.0,0.0,1.166895008,28.83581013,29125,0.0,0.0,0.0,35,SALT LAKE
846,350846,0.0,0.0,0.0,469.8,134.2,159.0,176.7,472.6672212,133.1666667,1.0,89.33333333,69.66666667,9.166666667,98.5,2.333333333,66.66666667,0.0,0.0,2.833887877,0.0,29125,0.0,0.0,0.0,35,SALT LAKE
847,350847,293.6666667,1066.822477,3.632766666,679.5,309.8,0.5,369.2,740.0054474,58.0,251.8333333,0.0,0.5,37.16666667,46.0,65.66666667,220.3333333,0.0,0.0,30.6694819,29.83596553,61297,0.0,0.0,0.0,35,SALT LAKE
848,350848,500.3333333,1778.27663,3.554183804,238.8,151.0,0.7,87.2,295.505054,112.5,38.5,0.5,0.166666667,0.166666667,47.16666667,0.5,39.33333333,0.0,0.0,5.833842702,50.83787797,61292,487.0,0.0,0.0,35,SALT LAKE
849,350849,393.0,1206.803325,3.070746375,866.2,561.8,13.5,290.8,1006.174949,510.8333333,51.0,0.5,13.0,3.833333333,9.666666667,44.83333333,232.5,0.0,0.0,100.1715266,39.8367562,52144,0.0,0.0,0.0,35,SALT LAKE
850,350850,744.6666667,2153.80745,2.89231081,1097.5,326.5,15.7,755.3,1180.341382,141.8333333,184.6666667,0.833333333,14.83333333,52.33333333,86.16666667,29.83333333,587.0,0.0,0.0,7.167933828,75.67344818,59374,388.0,0.0,0.0,35,SALT LAKE
851,350851,1059.333333,3203.207888,3.023795993,187.5,41.5,23.7,122.3,358.5163592,32.5,9.0,10.33333333,13.33333333,5.166666667,10.83333333,31.5,74.83333333,0.0,0.0,63.17324056,107.8431187,58476,0.0,0.0,0.0,35,SALT LAKE
852,350852,1720.166667,5380.992769,3.12818105,1875.8,356.0,1.7,1518.2,2143.191159,329.3333333,26.66666667,1.5,0.166666667,44.33333333,154.5,1066.666667,252.6666667,0.0,0.0,92.34208013,175.0157459,39921,0.0,0.0,0.0,35,SALT LAKE
853,350853,696.5,1968.718307,2.826587662,350.3,151.7,0.2,198.5,450.672786,83.0,68.66666667,0.166666667,0.0,79.0,7.0,42.33333333,70.16666667,0.0,0.0,29.33333333,71.00611936,29811,0.0,0.0,0.0,35,SALT LAKE
854,350854,407.3333333,1093.409748,2.684311983,368.3,156.3,31.0,181.0,454.5114498,110.3333333,46.0,1.5,29.5,20.66666667,23.5,21.83333333,115.0,0.0,0.0,44.84067783,41.33743863,37381,0.0,0.0,0.0,35,SALT LAKE
855,350855,453.8333333,1304.154129,2.873641121,809.8,414.8,1.8,393.2,881.3398375,405.6666667,9.166666667,1.833333333,0.0,130.0,74.83333333,117.8333333,70.5,0.0,0.0,25.3359955,46.17050867,42851,578.0,0.0,0.0,35,SALT LAKE
856,350856,224.6666667,727.3608129,3.237511037,386.3,325.3,0.2,60.8,428.0027281,301.3333333,24.0,0.166666667,0.0,18.5,1.333333333,7.5,33.5,0.0,0.0,18.83395303,22.83544173,79595,0.0,0.0,0.0,35,SALT LAKE
857,350857,594.3333333,2067.908038,3.479374153,70.8,6.2,7.3,57.3,131.1719345,0.0,6.166666667,0.333333333,7.0,0.5,49.33333333,0.166666667,7.333333333,0.0,0.0,0.0,60.33860115,52517,433.0,0.0,0.0,35,SALT LAKE
858,350858,507.6666667,1686.115243,3.321303827,81.2,30.5,0.2,50.5,133.5045249,25.33333333,5.166666667,0.166666667,0.0,0.666666667,18.83333333,22.33333333,8.666666667,0.0,0.0,0.833370966,51.50448727,49798,0.0,0.0,0.0,35,SALT LAKE
859,350859,232.0,736.9831211,3.176651384,15.7,5.2,0.0,10.5,73.67558151,2.666666667,2.5,0.0,0.0,0.5,1.166666667,6.5,2.333333333,0.0,0.0,34.50675238,23.50216246,51928,0.0,0.0,0.0,35,SALT LAKE
860,350860,104.3333333,338.2381991,3.241899672,325.7,52.3,1.5,271.8,374.8344444,18.5,33.83333333,1.166666667,0.333333333,11.16666667,155.0,10.5,95.16666667,0.0,0.0,38.50006021,10.6677175,79595,0.0,0.0,3086.0,35,SALT LAKE
861,350861,723.6666667,1959.220838,2.707352609,638.7,200.5,1.7,436.5,821.8491543,64.0,136.5,1.333333333,0.333333333,12.0,11.16666667,70.5,342.8333333,0.0,0.0,109.5084755,73.67401217,28806,0.0,0.0,0.0,35,SALT LAKE
862,350862,250.5,752.7304142,3.004911833,20.2,1.0,0.0,19.2,45.50219634,0.0,1.0,0.0,0.0,0.333333333,0.333333333,7.0,11.5,0.0,0.0,0.0,25.33552967,51928,0.0,0.0,0.0,35,SALT LAKE
863,350863,426.0,1356.600998,3.184509386,70.7,0.0,0.0,70.7,113.8372157,0.0,0.0,0.0,0.0,0.166666667,66.5,0.0,4.0,0.0,0.0,0.0,43.17054903,47963,594.0,0.0,0.0,35,SALT LAKE
864,350864,897.6666667,2264.207102,2.52232503,2107.8,309.7,2.0,1796.2,2255.180251,106.5,203.1666667,0.666666667,1.333333333,114.1666667,511.1666667,20.83333333,1150.0,0.0,0.0,56.17227961,91.17463777,15200,0.0,0.0,0.0,35,SALT LAKE
865,350865,410.3333333,1060.717941,2.58501529,833.5,307.7,1.8,524.0,981.3474933,257.6666667,50.0,1.833333333,0.0,314.1666667,18.0,11.66666667,180.1666667,0.0,0.0,106.1767382,41.67075502,41507,0.0,0.0,0.0,35,SALT LAKE
866,350866,638.8333333,1680.312305,2.630282763,2445.7,1711.5,1.2,733.0,2517.500089,1244.166667,467.3333333,0.333333333,0.833333333,266.0,51.83333333,3.833333333,411.3333333,0.0,0.0,6.834567864,64.99885429,51022,943.0,0.0,0.0,35,SALT LAKE
867,350867,393.3333333,1247.012168,3.170369919,68.7,1.3,0.3,67.0,117.0040396,1.166666667,0.166666667,0.166666667,0.166666667,2.666666667,48.16666667,15.5,0.666666667,0.0,0.0,8.167158412,40.17021456,42131,526.0,0.0,0.0,35,SALT LAKE
868,350868,347.3333333,987.3385223,2.842625304,365.3,320.3,0.5,44.5,443.8386219,319.0,1.333333333,0.5,0.0,19.66666667,13.66666667,2.5,8.666666667,0.0,0.0,43.16872158,35.33656699,51022,0.0,0.0,0.0,35,SALT LAKE
869,350869,574.3333333,1389.765637,2.41978927,53.7,26.5,0.2,27.0,113.5050989,1.166666667,25.33333333,0.0,0.166666667,1.0,0.0,0.166666667,25.83333333,0.0,0.0,1.5,58.33843222,35528,0.0,0.0,0.0,35,SALT LAKE
870,350870,589.6666667,1475.338212,2.501986793,1340.3,325.2,48.5,966.7,1460.681777,242.5,82.66666667,26.16666667,22.33333333,109.5,121.5,169.8333333,565.8333333,0.0,0.0,60.34340532,60.00503794,43467,0.0,0.0,0.0,35,SALT LAKE
871,350871,117.0,357.3396677,3.054185194,14.3,8.8,0.3,5.2,27.33462904,8.833333333,0.0,0.333333333,0.0,2.166666667,1.0,1.5,0.5,0.0,0.0,1.000180663,12.00111505,35528,0.0,0.0,0.0,35,SALT LAKE
872,350872,1492.333333,3262.35207,2.18607465,548.5,343.5,1.8,203.2,700.1801554,333.1666667,10.33333333,1.5,0.333333333,6.166666667,25.5,36.33333333,135.1666667,0.0,0.0,0.0,151.6801554,28733,0.0,0.0,0.0,35,SALT LAKE
873,350873,2189.166667,5687.766014,2.598142069,1503.8,566.7,290.8,646.3,1981.722462,490.3333333,76.33333333,223.5,67.33333333,77.5,50.16666667,104.0,414.6666667,0.0,0.0,255.3701257,222.5190034,42647,0.0,0.0,0.0,35,SALT LAKE
874,350874,1650.666667,3877.059182,2.348783834,0.5,0.0,0.0,0.5,219.3577208,0.0,0.0,0.0,0.0,0.166666667,0.0,0.333333333,0.0,0.0,0.0,51.00967564,167.8480452,32479,0.0,0.0,0.0,35,SALT LAKE
875,350875,1178.833333,2391.388849,2.028606404,4471.2,147.5,428.5,3895.2,4654.031681,110.5,37.0,281.6666667,146.8333333,237.3333333,3096.833333,120.6666667,440.3333333,1.008273417,0.0,62.01074443,119.8459966,33443,0.0,0.0,0.0,35,SALT LAKE
876,350876,408.5,1036.394104,2.537072471,2761.3,372.3,1322.7,1066.3,2904.352665,359.0,13.33333333,917.0,405.6666667,167.6666667,106.1666667,77.83333333,714.6666667,0.0,0.0,101.5157226,41.50360874,27637,0.0,0.0,0.0,35,SALT LAKE
877,350877,671.5,1480.088816,2.204153114,1515.3,172.0,762.7,580.7,1586.17312,172.0,0.0,354.0,408.6666667,150.5,58.83333333,3.333333333,368.0,0.0,0.0,2.500431583,68.33935464,20421,0.0,0.0,0.0,35,SALT LAKE
878,350878,360.5,1341.474435,3.721149611,611.3,54.8,95.0,461.5,718.8417796,52.16666667,2.666666667,0.5,94.5,16.83333333,360.8333333,2.833333333,81.0,0.0,0.0,70.83861009,36.66983619,58250,0.0,0.0,2639.0,35,SALT LAKE
879,350879,376.1666667,1367.137467,3.634392913,72.7,42.8,3.7,26.2,117.169951,11.16666667,31.66666667,3.166666667,0.5,3.666666667,6.333333333,12.5,3.666666667,0.0,0.0,6.333333333,38.16995102,65053,0.0,0.0,0.0,35,SALT LAKE
880,350880,480.1666667,1695.289348,3.530626896,132.8,77.3,39.7,15.8,181.8376651,27.33333333,50.0,33.83333333,5.833333333,0.0,10.5,0.0,5.333333333,0.0,0.0,0.0,49.00433181,57454,0.0,0.0,0.0,35,SALT LAKE
881,350881,355.0,1395.570738,3.931185178,90.0,0.3,0.3,89.3,126.0031627,0.0,0.333333333,0.166666667,0.166666667,1.166666667,77.5,0.833333333,9.833333333,0.0,0.0,0.0,36.00316271,61771,539.0,0.0,0.0,35,SALT LAKE
882,350882,934.1666667,3290.316199,3.522193969,85.2,18.3,0.0,66.8,182.3420333,18.33333333,0.0,0.0,0.0,0.666666667,65.33333333,0.0,0.833333333,0.0,0.0,2.000255935,95.17511066,58493,0.0,0.0,0.0,35,SALT LAKE
883,350883,530.8333333,1555.747034,2.930763643,3.5,0.5,2.7,0.3,61.1716101,0.333333333,0.166666667,2.5,0.166666667,0.0,0.333333333,0.0,0.0,0.0,0.0,3.666832252,54.00477785,54801,0.0,0.0,0.0,35,SALT LAKE
884,350884,425.5,1434.846851,3.37214301,188.8,22.3,4.3,162.2,237.3372954,20.5,1.833333333,4.333333333,0.0,0.833333333,158.8333333,0.0,2.5,0.0,0.0,5.166817219,43.33714482,32395,532.0,681.0,0.0,35,SALT LAKE
885,350885,435.6666667,1294.399852,2.971078466,316.7,110.2,149.8,56.7,375.0086176,41.5,68.66666667,149.8333333,0.0,3.833333333,9.333333333,3.333333333,40.16666667,0.504027569,0.0,13.50060966,44.3373137,62636,0.0,0.0,0.0,35,SALT LAKE
886,350886,757.1666667,2075.552822,2.741209979,384.0,351.3,0.0,32.7,462.0067647,322.8333333,28.5,0.0,0.0,3.0,10.16666667,3.833333333,15.66666667,0.0,0.0,1.0,77.00676468,39046,0.0,0.0,0.0,35,SALT LAKE
887,350887,893.8333333,2570.734263,2.876077863,513.2,438.3,6.5,68.3,625.3424042,392.0,46.33333333,6.166666667,0.333333333,0.5,2.333333333,27.16666667,38.33333333,0.0,0.0,21.33451765,90.84121989,44955,0.0,0.0,0.0,35,SALT LAKE
888,350888,366.3333333,1187.707497,3.242149673,1179.7,100.2,0.7,1078.8,1220.503444,98.66666667,1.5,0.166666667,0.5,10.0,81.83333333,768.5,218.5,0.0,0.0,3.500210748,37.33656701,48676,15.0,0.0,0.0,35,SALT LAKE
889,350889,522.6666667,1570.723488,3.005210754,136.7,19.5,5.3,111.8,191.0046562,19.5,0.0,5.333333333,0.0,0.666666667,72.33333333,0.166666667,38.66666667,0.0,0.0,1.333333333,53.00465621,57552,450.0,0.0,0.0,35,SALT LAKE
890,350890,526.5,1656.313678,3.145894925,33.7,1.5,0.0,32.2,87.50473022,1.5,0.0,0.0,0.0,0.333333333,0.5,7.333333333,24.0,0.0,0.0,0.500030107,53.33803344,59499,0.0,0.0,0.0,35,SALT LAKE
891,350891,549.1666667,1639.336003,2.985133844,121.8,2.2,3.2,116.5,185.8387737,2.166666667,0.0,0.0,3.166666667,1.5,113.8333333,0.0,1.166666667,0.0,0.0,8.166967735,55.83847262,61471,0.0,621.0,0.0,35,SALT LAKE
892,350892,725.1666667,1708.729492,2.356326581,565.2,100.3,6.5,458.3,674.6748105,29.16666667,71.16666667,0.833333333,5.666666667,64.33333333,108.6666667,51.5,233.8333333,0.0,0.0,35.66909284,73.83905096,46145,508.0,0.0,0.0,35,SALT LAKE
893,350893,458.1666667,1082.418669,2.362499823,3587.8,132.0,11.5,3444.3,3720.846541,82.5,49.5,7.666666667,3.833333333,160.6666667,681.3333333,154.6666667,2447.666667,0.0,0.0,86.50886973,46.50433835,48182,0.0,0.0,0.0,35,SALT LAKE
894,350894,276.5,703.5171698,2.544365895,0.0,0.0,0.0,0.0,35.66912655,0.0,0.0,0.0,0.0,0.0,0.0,0.0,0.0,0.0,0.0,7.666666667,28.00245988,51647,0.0,0.0,0.0,35,SALT LAKE
895,350895,402.3333333,949.5767299,2.360174142,601.7,151.8,6.8,443.0,665.6719255,105.5,46.33333333,6.666666667,0.166666667,67.0,88.33333333,120.8333333,166.8333333,0.0,0.0,23.33488892,40.67036987,52088,548.0,0.0,0.0,35,SALT LAKE
896,350896,319.6666667,873.9309383,2.733881976,0.0,0.0,0.0,0.0,65.84248102,0.0,0.0,0.0,0.0,0.0,0.0,0.0,0.0,0.0,0.0,33.17276665,32.66971438,51647,0.0,0.0,0.0,35,SALT LAKE
897,350897,189.1666667,502.6805515,2.657342123,1882.3,25.3,0.2,1856.8,1973.673001,24.0,1.333333333,0.0,0.166666667,3.0,1817.333333,22.66666667,13.83333333,0.0,0.0,72.33795491,19.00171307,46345,0.0,0.0,0.0,35,SALT LAKE
898,350898,1266.666667,3273.062038,2.583996346,971.7,307.0,5.5,659.2,1193.018617,193.5,113.5,1.333333333,4.166666667,78.0,140.3333333,50.16666667,390.6666667,0.0,0.0,92.50683481,128.8451155,55646,600.0,1041.0,0.0,35,SALT LAKE
899,350899,1895.333333,3817.429345,2.014120301,6035.8,49.0,1085.3,4901.5,6288.028804,48.16666667,0.833333333,1031.666667,53.66666667,1964.833333,510.1666667,61.0,2365.5,0.0,0.0,59.34481062,192.8506605,32093,0.0,0.0,0.0,35,SALT LAKE
900,350900,549.0,1224.849614,2.231055763,107.3,26.2,1.8,79.3,194.1716236,24.0,2.166666667,0.166666667,1.666666667,2.5,1.166666667,23.83333333,51.83333333,0.0,0.0,30.83333333,56.00495694,46771,0.0,0.0,0.0,35,SALT LAKE
901,350901,2916.833333,6433.869125,2.205771942,588.5,9.0,0.0,579.5,1384.884865,9.0,0.0,0.0,0.0,100.5,20.33333333,166.6666667,292.0,0.0,0.0,499.8578704,296.5269944,26161,0.0,0.0,0.0,35,SALT LAKE
902,350902,0.0,0.0,0.0,1368.7,234.7,630.0,504.0,1368.666667,47.0,187.6666667,160.3333333,469.6666667,201.6666667,26.33333333,0.666666667,275.3333333,0.0,0.0,0.0,0.0,34978,0.0,0.0,0.0,35,SALT LAKE
903,350903,12.0,34.84722304,2.903935253,1078.0,274.5,255.8,547.7,1079.166762,198.3333333,76.16666667,88.16666667,167.6666667,37.83333333,123.0,0.5,386.3333333,0.0,0.0,0.166674193,1.000087853,34978,0.0,0.0,0.0,35,SALT LAKE
904,350904,378.6666667,899.0144657,2.37415792,337.0,12.7,43.2,281.2,395.3389889,7.666666667,5.0,10.83333333,32.33333333,119.6666667,103.6666667,4.333333333,53.5,0.0,0.0,19.66867647,38.67031245,34978,650.0,291.0,291.0,35,SALT LAKE
905,350905,30.16666667,73.82059301,2.447091481,3472.7,102.0,124.0,3246.7,3477.500264,67.66666667,34.33333333,71.83333333,52.16666667,718.3333333,228.5,569.5,1730.333333,0.0,0.0,1.833333333,3.000263559,43582,0.0,0.0,0.0,35,SALT LAKE
906,350906,23.5,62.96307838,2.679279931,18.7,1.0,0.5,17.2,51.50512735,0.0,1.0,0.166666667,0.333333333,15.33333333,0.166666667,0.0,1.666666667,0.0,0.0,30.33827142,2.500189256,72037,0.0,0.0,0.0,35,SALT LAKE
907,350907,211.6666667,732.7085041,3.46161498,1317.3,78.8,132.2,1106.3,1338.835246,19.83333333,59.0,69.16666667,63.0,722.8333333,333.3333333,1.666666667,48.5,0.0,0.0,0.0,21.50191249,72037,387.0,0.0,0.0,35,SALT LAKE
908,350908,842.8333333,3151.53318,3.73921279,13.3,0.0,0.0,13.3,99.17418487,0.0,0.0,0.0,0.0,3.0,2.0,0.0,8.333333333,0.0,0.0,0.0,85.84085153,57238,0.0,0.0,0.0,35,SALT LAKE
909,350909,589.6666667,2062.251608,3.497317594,122.0,0.2,0.0,121.8,182.0052712,0.0,0.166666667,0.0,0.0,0.333333333,109.1666667,0.166666667,12.16666667,0.0,0.0,0.0,60.00527118,43796,440.0,0.0,0.0,35,SALT LAKE
910,350910,507.0,1390.074822,2.741764936,430.0,12.0,355.8,62.2,642.8672817,10.0,2.0,318.1666667,37.66666667,11.5,21.66666667,22.83333333,6.166666667,0.0,0.0,161.1957835,51.67149821,32252,0.0,0.0,0.0,35,SALT LAKE
911,350911,924.3333333,2717.470998,2.93992535,173.3,0.3,0.3,172.7,267.3415915,0.0,0.333333333,0.0,0.333333333,1.0,127.8333333,34.0,9.833333333,0.0,0.0,0.0,94.00825818,36729,711.0,0.0,0.0,35,SALT LAKE
912,350912,1684.833333,4975.967657,2.953388658,742.7,146.2,29.7,566.8,981.5278862,119.0,27.16666667,11.33333333,18.33333333,35.5,279.6666667,47.33333333,204.3333333,0.0,0.0,67.51284983,171.3483697,34743,1209.0,578.0,0.0,35,SALT LAKE
913,350913,277.5,882.1822893,3.179035277,667.7,215.3,1.7,450.7,696.6770521,48.16666667,167.1666667,1.666666667,0.0,27.33333333,4.666666667,240.3333333,178.3333333,1.008273417,0.0,0.0,28.00211203,50010,0.0,0.0,0.0,35,SALT LAKE
914,350914,206.1666667,574.6697795,2.787403943,12.5,0.7,0.0,11.8,33.50183141,0.666666667,0.0,0.0,0.0,0.166666667,0.0,3.5,8.166666667,0.0,0.0,0.0,21.00183141,52510,0.0,0.0,0.0,35,SALT LAKE
915,350915,502.8333333,1479.639594,2.94260443,89.7,35.2,0.0,54.5,209.0077184,30.0,5.166666667,0.0,0.0,2.5,1.166666667,0.5,50.33333333,0.0,0.0,68.33641924,51.00463249,46641,0.0,0.0,0.0,35,SALT LAKE
916,350916,688.3333333,2205.463365,3.204063,246.8,16.0,0.5,230.3,318.6731476,15.83333333,0.166666667,0.166666667,0.333333333,8.5,52.16666667,19.33333333,150.3333333,0.0,0.0,1.833664549,70.00614971,64104,477.0,0.0,0.0,35,SALT LAKE
917,350917,317.5,1018.211599,3.206965666,33.7,23.7,0.0,10.0,65.8361784,8.333333333,15.33333333,0.0,0.0,0.166666667,0.166666667,0.5,9.166666667,0.0,0.0,0.0,32.16951173,56412,0.0,0.0,0.0,35,SALT LAKE
918,350918,279.3333333,771.5311359,2.762044639,35.8,12.2,4.2,19.5,65.6692878,11.33333333,0.833333333,0.0,4.166666667,0.0,0.666666667,2.333333333,16.5,0.0,0.0,1.500090321,28.33586414,74357,0.0,0.0,0.0,35,SALT LAKE
919,350919,295.0,780.2429437,2.644891334,225.8,14.3,9.8,201.7,255.8360027,12.66666667,1.666666667,9.833333333,0.0,9.166666667,6.5,131.6666667,54.33333333,0.0,0.0,0.0,30.00266938,74357,0.0,0.0,0.0,35,SALT LAKE
920,350920,515.6666667,1395.106824,2.705443098,227.3,0.3,5.3,221.7,279.8380503,0.166666667,0.166666667,1.333333333,4.0,6.0,45.16666667,67.33333333,103.1666667,0.0,0.0,0.0,52.50471699,72458,0.0,0.0,0.0,35,SALT LAKE
921,350921,440.1666667,1202.229112,2.731304305,129.2,12.0,0.0,117.2,174.17062,4.0,8.0,0.0,0.0,5.333333333,1.666666667,59.16666667,51.0,0.0,0.0,0.0,45.00395338,62627,0.0,0.0,0.0,35,SALT LAKE
922,350922,1140.833333,2753.373456,2.413475637,1776.5,939.0,51.3,786.2,1953.682011,342.6666667,596.3333333,30.5,20.83333333,56.66666667,111.0,312.5,306.0,0.0,0.0,61.1719007,116.0101099,51655,707.0,0.0,0.0,35,SALT LAKE
923,350923,942.1666667,2510.218387,2.664303966,283.8,161.5,0.2,122.2,379.6754281,23.16666667,138.3333333,0.166666667,0.0,14.0,2.166666667,34.5,71.5,0.0,0.0,0.0,95.8420948,35977,0.0,0.0,0.0,35,SALT LAKE
924,350924,6.833333333,18.64801544,2.728977869,2078.0,1126.5,28.7,922.8,2089.667882,700.8333333,425.6666667,16.5,12.16666667,51.66666667,31.5,27.16666667,812.5,0.0,0.0,11.00124956,0.666632923,35977,0.0,0.0,0.0,35,SALT LAKE
925,350925,576.6666667,1237.37842,2.145742925,663.5,88.7,5.8,569.0,783.3447127,75.66666667,13.0,0.666666667,5.166666667,61.33333333,302.5,114.8333333,90.33333333,0.0,0.0,61.00617244,58.83854026,43480,718.0,0.0,1750.0,35,SALT LAKE
926,350926,779.0,2223.653554,2.854497501,16.5,0.0,0.0,16.5,103.8414587,0.0,0.0,0.0,0.0,6.0,10.0,0.0,0.5,0.0,0.0,8.001114078,79.34034464,61829,0.0,0.0,0.0,35,SALT LAKE
927,350927,799.1666667,1548.417461,1.937540098,1541.8,586.7,8.5,946.7,1623.340551,476.0,110.6666667,1.0,7.5,83.16666667,49.0,623.8333333,190.6666667,0.0,0.0,0.0,81.50721741,40848,12.0,10.0,14.0,35,SALT LAKE
928,350928,248.5,643.6075301,2.58996994,0.3,0.0,0.0,0.3,25.50216931,0.0,0.0,0.0,0.0,0.166666667,0.0,0.0,0.166666667,0.0,0.0,0.0,25.16883598,40848,0.0,0.0,0.0,35,SALT LAKE
929,350929,1244.0,2957.27605,2.377231551,327.0,14.3,45.7,267.0,467.8467942,3.333333333,11.0,42.83333333,2.833333333,19.66666667,56.0,57.83333333,133.5,0.0,0.0,14.50246907,126.3443252,58219,717.0,0.0,0.0,35,SALT LAKE
930,350930,446.3333333,1339.938174,3.002101957,0.0,0.0,0.0,0.0,45.33733402,0.0,0.0,0.0,0.0,0.0,0.0,0.0,0.0,0.0,0.0,0.0,45.33733402,74647,0.0,0.0,0.0,35,SALT LAKE
931,350931,573.3333333,1751.528023,3.054990738,217.0,5.2,0.5,211.3,300.1758949,5.0,0.166666667,0.5,0.0,116.5,87.5,1.0,6.333333333,0.0,0.0,24.83746605,58.33842882,83472,481.0,679.0,0.0,35,SALT LAKE
932,350932,759.1666667,2022.976433,2.664732952,3956.5,377.0,28.3,3551.2,4038.340513,362.8333333,14.16666667,4.333333333,24.0,418.1666667,374.5,229.1666667,2529.333333,0.0,0.0,4.667105756,77.17340771,43050,407.0,0.0,0.0,35,SALT LAKE
933,350933,1561.666667,5471.941493,3.503911308,793.8,6.7,440.5,346.7,1072.854476,0.166666667,6.5,436.8333333,3.666666667,22.33333333,310.6666667,0.833333333,12.83333333,0.0,0.0,120.1740909,158.8470521,53614,510.0,742.0,0.0,35,SALT LAKE
934,350934,1140.0,4114.735137,3.609416787,103.0,46.8,1.3,54.8,218.8434297,25.0,21.83333333,1.333333333,0.0,1.666666667,3.666666667,8.666666667,40.83333333,0.0,0.0,0.0,115.8434297,65405,0.0,0.0,0.0,35,SALT LAKE
935,350935,1231.333333,4015.834381,3.26137064,1855.7,619.8,2.7,1233.2,1981.844861,419.1666667,200.6666667,2.5,0.166666667,22.0,782.3333333,17.83333333,411.0,0.0,0.0,0.833483886,125.3447102,58316,602.0,0.0,2334.0,35,SALT LAKE
936,350936,873.8333333,2452.446896,2.806538504,633.3,310.2,1.0,322.2,751.1757713,272.3333333,37.83333333,0.833333333,0.166666667,34.0,68.0,24.66666667,195.5,0.0,0.0,29.00178892,88.84064903,36303,393.0,0.0,0.0,35,SALT LAKE
937,350937,1161.5,3900.295765,3.357981717,81.2,0.8,0.3,80.0,199.3437135,0.833333333,0.0,0.166666667,0.166666667,3.166666667,68.0,0.5,8.333333333,0.0,0.0,0.0,118.1770468,58545,365.0,157.0,0.0,35,SALT LAKE
938,350938,858.0,2812.837358,3.27836522,524.2,94.2,2.2,427.8,612.007812,17.66666667,76.5,2.166666667,0.0,11.33333333,184.6666667,76.83333333,155.0,0.0,0.0,0.500097861,87.34104751,52882,842.0,0.0,0.0,35,SALT LAKE
939,350939,1057.666667,3216.77315,3.041386527,494.7,138.3,0.8,355.5,618.0092902,77.33333333,61.0,0.333333333,0.5,11.66666667,10.33333333,288.5,45.0,0.0,0.0,15.83354408,107.5090795,50836,0.0,0.0,0.0,35,SALT LAKE
940,350940,1054.666667,2939.547643,2.787181709,301.0,80.8,15.5,204.7,408.0094003,21.5,59.33333333,6.5,9.0,7.333333333,78.5,39.5,79.33333333,0.0,0.0,0.0,107.0094003,65654,620.0,0.0,0.0,35,SALT LAKE
941,350941,606.6666667,1632.470601,2.690885606,121.0,0.0,0.0,121.0,182.6721743,0.0,0.0,0.0,0.0,6.333333333,93.5,6.5,14.66666667,0.0,0.0,0.0,61.67217432,71759,0.0,1005.0,0.0,35,SALT LAKE
942,350942,130.0,331.507636,2.550058738,308.3,0.2,12.5,295.7,321.5011185,0.166666667,0.0,0.166666667,12.33333333,188.1666667,78.83333333,23.33333333,5.333333333,0.0,0.0,0.0,13.16778512,54211,712.0,0.0,0.0,35,SALT LAKE
943,350943,321.6666667,935.6783937,2.908844747,389.3,1.5,8.7,379.2,454.6715599,1.166666667,0.333333333,8.666666667,0.0,70.5,8.0,244.5,56.16666667,0.0,0.0,32.50195695,32.83626962,65461,16.0,0.0,0.0,35,SALT LAKE
944,350944,1179.833333,2573.522055,2.181258982,3.7,0.8,0.0,2.8,151.1763925,0.0,0.833333333,0.0,0.0,0.0,1.666666667,0.333333333,0.833333333,0.0,0.0,27.33428672,120.1754391,39558,0.0,0.0,0.0,35,SALT LAKE
945,350945,681.3333333,1698.561697,2.49299662,1448.3,70.5,46.2,1331.7,1902.69914,33.83333333,36.66666667,5.833333333,40.33333333,741.0,175.0,166.1666667,249.5,0.0,0.0,385.0223247,69.34348198,39558,0.0,0.0,0.0,35,SALT LAKE
946,350946,1189.166667,3017.370585,2.537382412,187.2,31.0,5.8,150.3,401.5146494,22.33333333,8.666666667,0.333333333,5.5,91.83333333,3.333333333,11.0,44.16666667,0.0,0.0,93.50445827,120.8435244,39558,0.0,0.0,0.0,35,SALT LAKE
947,350947,0.0,0.0,0.0,658.0,5.3,127.7,525.0,658.0,1.833333333,3.5,46.66666667,81.0,142.5,248.3333333,16.83333333,117.3333333,0.0,0.0,0.0,0.0,39558,0.0,0.0,0.0,35,SALT LAKE
948,350948,863.3333333,2117.568414,2.452781947,443.3,30.2,76.3,336.8,736.0234671,11.5,18.66666667,14.66666667,61.66666667,157.8333333,3.666666667,49.0,126.3333333,0.0,0.0,204.8502142,87.83991952,39558,0.0,0.0,0.0,35,SALT LAKE
949,350949,414.5,761.2766893,1.836614449,2780.3,672.2,91.5,2016.7,2824.005843,548.1666667,124.0,1.333333333,90.16666667,575.6666667,21.33333333,7.0,1412.666667,0.0,0.0,1.66674946,42.00576049,39558,0.0,0.0,0.0,35,SALT LAKE
950,350950,86.16666667,225.1095879,2.612490382,1513.3,248.2,3.8,1261.3,1572.00298,246.0,2.166666667,0.666666667,3.166666667,751.1666667,240.8333333,0.166666667,269.1666667,0.0,0.0,50.16927093,8.500375294,39558,0.0,0.0,0.0,35,SALT LAKE
951,350951,158.1666667,396.3227956,2.50572895,0.0,0.0,0.0,0.0,16.00148998,0.0,0.0,0.0,0.0,0.0,0.0,0.0,0.0,0.0,0.0,0.0,16.00148998,39558,0.0,0.0,0.0,35,SALT LAKE
952,350952,0.0,0.0,0.0,1375.0,61.0,3.0,1311.0,1375.0,56.0,5.0,2.0,1.0,117.0,4.0,0.0,1190.0,0.0,0.0,0.0,0.0,39558,0.0,0.0,0.0,35,SALT LAKE
953,350953,0.0,0.0,0.0,2557.0,136.0,0.0,2421.0,2557.0,0.0,136.0,0.0,0.0,68.0,6.0,0.0,2347.0,0.0,0.0,0.0,0.0,39558,0.0,0.0,0.0,35,SALT LAKE
954,350954,0.0,0.0,0.0,975.0,266.0,0.0,709.0,975.0,8.0,258.0,0.0,0.0,35.0,3.0,0.0,671.0,0.0,0.0,0.0,0.0,39558,0.0,0.0,0.0,35,SALT LAKE
955,350955,468.6666667,1058.649292,2.258853396,633.2,292.8,5.3,335.0,680.8385128,169.0,123.8333333,0.666666667,4.666666667,126.6666667,1.5,17.16666667,189.6666667,0.0,0.0,0.0,47.67184611,39558,0.0,0.0,0.0,35,SALT LAKE
956,350956,381.1666667,845.6693189,2.218633981,506.7,37.0,37.5,432.2,610.6835551,2.166666667,34.83333333,35.0,2.5,69.83333333,4.666666667,5.0,352.6666667,0.0,0.0,65.17924049,38.83764791,39558,0.0,0.0,0.0,35,SALT LAKE
957,350957,652.3333333,1407.535314,2.157693379,160.2,6.7,0.3,153.2,226.5055621,0.5,6.166666667,0.166666667,0.166666667,27.16666667,26.66666667,34.0,65.33333333,0.0,0.0,0.0,66.33889541,39558,0.0,0.0,0.0,35,SALT LAKE
958,350958,783.5,1946.570467,2.484454967,934.7,152.0,59.5,723.2,1080.512683,51.66666667,100.3333333,1.0,58.5,201.8333333,58.5,129.8333333,333.0,0.0,0.0,66.17234488,79.67367125,39558,0.0,0.0,0.0,35,SALT LAKE
959,350959,510.8333333,1077.653874,2.109599753,408.2,119.0,10.3,278.8,512.0110631,74.16666667,44.83333333,1.5,8.833333333,124.0,2.333333333,3.833333333,148.6666667,0.0,0.0,51.84007797,52.00431848,39558,0.0,0.0,0.0,35,SALT LAKE
960,350960,363.5,876.0638867,2.410079468,849.8,196.5,2.0,651.3,966.0153948,1.166666667,195.3333333,0.333333333,1.666666667,407.0,30.66666667,21.0,192.6666667,0.0,0.0,79.18028674,37.00177474,39558,0.0,0.0,0.0,35,SALT LAKE
961,350961,230.8333333,553.5777968,2.398170961,1168.7,252.7,39.0,877.0,1347.675593,0.166666667,252.5,0.0,39.0,248.5,122.0,4.666666667,501.8333333,0.0,0.0,155.6737446,23.33518169,39558,0.0,0.0,0.0,35,SALT LAKE
962,350962,0.0,0.0,0.0,0.0,0.0,0.0,0.0,0.0,0.0,0.0,0.0,0.0,0.0,0.0,0.0,0.0,0.0,0.0,0.0,0.0,39558,0.0,0.0,0.0,35,SALT LAKE
963,350963,506.3333333,1049.416871,2.07258105,145.2,46.8,0.3,98.0,217.0072116,16.66666667,30.16666667,0.0,0.333333333,46.0,0.0,1.833333333,50.16666667,0.0,0.0,20.33460552,51.50593936,39558,0.0,0.0,0.0,35,SALT LAKE
964,350964,328.6666667,791.553214,2.408376919,747.2,263.2,0.2,483.8,801.5050729,3.666666667,259.5,0.166666667,0.0,296.8333333,0.5,4.0,182.5,0.0,0.0,20.83598306,33.50242315,39558,0.0,0.0,0.0,35,SALT LAKE
965,350965,46.83333333,122.4287154,2.614136272,256.7,54.3,0.0,202.3,264.8345421,9.166666667,45.16666667,0.0,0.0,87.83333333,0.833333333,0.333333333,113.3333333,0.0,0.0,3.500685024,4.667190373,28547,0.0,0.0,0.0,35,SALT LAKE
966,350966,0.0,0.0,0.0,4381.0,477.0,2.0,3902.0,4381.0,106.0,371.0,1.0,1.0,980.6666667,21.0,2.0,2898.333333,0.0,0.0,0.0,0.0,33483,0.0,0.0,0.0,35,SALT LAKE
967,350967,1647.0,2690.734054,1.633718308,458.0,15.0,4.0,439.0,632.5152753,0.0,15.0,0.0,4.0,236.5,41.0,29.16666667,132.3333333,0.0,0.0,7.000519373,167.5147559,40961,305.0,51.0,0.0,35,SALT LAKE
968,350968,398.6666667,1064.204667,2.6694097,2762.0,1085.2,17.0,1659.8,2814.003796,762.0,323.1666667,2.0,15.0,902.3333333,21.83333333,0.166666667,735.5,0.0,0.0,11.66673943,40.33705686,47302,0.0,0.0,0.0,35,SALT LAKE
969,350969,154.8333333,385.6088102,2.490476707,6823.3,948.2,36.0,5839.2,6839.168065,493.0,455.1666667,25.0,11.0,3636.833333,5.166666667,4.0,2193.166667,0.0,0.0,0.33337348,15.50135835,47302,0.0,0.0,0.0,35,SALT LAKE
970,350970,251.0,534.0142574,2.127546842,2044.5,260.5,91.0,1693.0,2069.83581,235.1666667,25.33333333,18.0,73.0,563.3333333,204.1666667,77.0,848.5,0.0,0.0,0.0,25.33581006,47302,0.0,0.0,0.0,35,SALT LAKE
971,350971,116.0,301.0880146,2.595586333,1792.3,167.0,28.3,1597.0,1804.167846,17.5,149.5,0.166666667,28.16666667,882.8333333,2.833333333,14.33333333,697.0,0.0,0.0,0.0,11.83451253,47302,0.0,0.0,0.0,35,SALT LAKE
972,350972,56.66666667,146.4172865,2.583834467,1265.2,195.5,21.0,1048.7,1271.000551,36.0,159.5,0.0,21.0,458.1666667,125.0,14.33333333,451.1666667,0.0,0.0,0.0,5.833884085,47302,0.0,0.0,0.0,35,SALT LAKE
973,350973,166.5,385.2793608,2.313990155,1605.7,84.5,0.0,1521.2,1741.356718,21.0,63.5,0.0,0.0,359.8333333,724.0,5.333333333,432.0,0.0,0.0,118.8548021,16.83524897,47302,0.0,0.0,0.0,35,SALT LAKE
974,350974,374.5,754.890302,2.015728443,5467.7,577.2,182.0,4708.5,5509.836456,21.0,556.1666667,44.0,138.0,1101.166667,25.0,47.5,3534.833333,0.0,0.0,4.166666667,38.00312224,47302,0.0,0.0,0.0,35,SALT LAKE
975,350975,31.66666667,82.22826421,2.596682028,3481.2,226.5,96.0,3158.7,3484.833559,0.0,226.5,0.0,96.0,1421.333333,10.33333333,4.0,1723.0,0.0,0.0,0.500090332,3.166801904,47302,0.0,0.0,0.0,35,SALT LAKE
976,350976,118.1666667,282.6006049,2.391542495,1639.8,144.5,16.2,1479.2,1654.16777,23.0,121.5,1.166666667,15.0,782.8333333,10.33333333,46.66666667,639.3333333,0.0,0.0,2.333473832,12.00096302,47302,0.0,0.0,0.0,35,SALT LAKE
977,350977,240.0,602.5006702,2.510419459,2538.3,292.7,98.7,2147.0,2562.668752,3.5,289.1666667,0.333333333,98.33333333,1066.166667,448.6666667,14.83333333,617.3333333,0.0,0.0,0.0,24.33541831,47302,0.0,0.0,0.0,35,SALT LAKE
978,350978,130.0,299.7190014,2.30553078,3932.5,554.0,246.0,3132.5,3951.001417,209.0,345.0,0.0,246.0,1529.666667,520.0,5.5,1077.333333,0.0,0.0,5.333574185,13.16784253,47302,0.0,0.0,0.0,35,SALT LAKE
979,350979,122.3333333,234.909871,1.920244178,3619.8,17.7,119.0,3483.2,3632.501129,3.0,14.66666667,0.0,119.0,1045.666667,1503.0,119.5,815.0,0.0,0.0,0.0,12.66779524,47302,0.0,0.0,0.0,35,SALT LAKE
980,350980,178.3333333,448.5751252,2.515374534,181.8,31.5,0.2,150.2,199.8349653,2.666666667,28.83333333,0.0,0.166666667,128.6666667,0.0,5.333333333,16.16666667,0.0,0.0,0.0,18.00163194,47302,0.0,0.0,0.0,35,SALT LAKE
981,350981,0.0,0.0,0.0,898.5,84.5,1.7,812.3,898.5,16.5,68.0,0.0,1.666666667,372.5,303.0,1.333333333,135.5,0.0,0.0,0.0,0.0,47302,0.0,0.0,0.0,35,SALT LAKE
982,350982,0.0,0.0,0.0,928.0,7.0,1.0,920.0,928.0,1.0,6.0,0.0,1.0,116.0,635.0,0.0,169.0,0.0,0.0,0.0,0.0,47302,0.0,0.0,0.0,35,SALT LAKE
983,350983,15.16666667,38.05945017,2.509414297,566.5,17.2,49.2,500.2,568.1669166,17.0,0.166666667,48.16666667,1.0,209.3333333,1.166666667,0.333333333,289.3333333,0.0,0.0,0.0,1.666916645,21102,0.0,0.0,0.0,35,SALT LAKE
984,350984,317.0,751.2007696,2.369718516,269.0,0.2,11.0,257.8,302.0028715,0.0,0.166666667,0.0,11.0,46.66666667,83.16666667,34.0,94.0,0.0,0.0,1.000060214,32.00281129,21102,0.0,0.0,0.0,35,SALT LAKE
985,350985,219.0,344.6479298,1.573734839,1701.0,20.5,27.2,1653.3,1724.668605,2.0,18.5,1.166666667,26.0,591.5,65.33333333,3.833333333,992.6666667,0.0,0.0,1.500090321,22.16851499,21102,0.0,0.0,0.0,35,SALT LAKE
986,350986,348.3333333,668.5150845,1.919182061,1170.0,63.5,46.3,1060.2,1205.503011,12.16666667,51.33333333,0.166666667,46.16666667,138.6666667,590.3333333,56.66666667,274.5,0.0,0.0,0.0,35.50301074,21102,0.0,0.0,0.0,35,SALT LAKE
987,350987,230.1666667,479.1536078,2.081768028,1147.3,89.0,61.3,997.0,1195.504495,1.166666667,87.83333333,61.16666667,0.166666667,824.0,1.0,14.0,158.0,0.0,0.0,25.00238367,23.16877845,21102,0.0,0.0,0.0,35,SALT LAKE
988,350988,134.0,196.0323689,1.462928126,238.0,23.2,14.0,200.8,251.6677885,23.0,0.166666667,14.0,0.0,30.33333333,53.0,8.0,109.5,0.0,0.0,0.0,13.66778851,21102,0.0,0.0,0.0,35,SALT LAKE
989,350989,233.1666667,420.0052822,1.801309288,526.5,139.5,1.0,386.0,554.0023353,62.0,77.5,1.0,0.0,119.1666667,50.16666667,144.3333333,72.33333333,0.0,0.0,3.833624377,23.66871092,21102,0.0,0.0,0.0,35,SALT LAKE
990,350990,74.16666667,128.3835677,1.731014395,606.0,32.0,20.2,553.8,613.6673729,13.0,19.0,13.0,7.166666667,70.33333333,1.0,171.0,311.5,0.0,0.0,0.0,7.667372852,21102,0.0,0.0,0.0,35,SALT LAKE
991,350991,101.1666667,148.5579377,1.46844749,1716.7,40.7,489.5,1186.5,1824.341691,31.5,9.166666667,41.66666667,447.8333333,924.3333333,11.33333333,3.166666667,247.6666667,0.0,0.0,97.67414614,10.00087853,47302,0.0,0.0,0.0,35,SALT LAKE
992,350992,630.6666667,1558.465673,2.471140074,2008.3,74.0,322.0,1612.3,2107.675847,3.0,71.0,85.16666667,236.8333333,867.8333333,133.6666667,0.666666667,610.1666667,0.0,0.0,35.3380832,64.00443022,47302,0.0,0.0,0.0,35,SALT LAKE
993,350993,0.0,0.0,0.0,673.8,88.2,212.7,373.0,673.8333333,70.5,17.66666667,115.0,97.66666667,146.8333333,0.166666667,55.66666667,170.3333333,0.0,0.0,0.0,0.0,47302,0.0,0.0,0.0,35,SALT LAKE
994,350994,78.0,204.965244,2.627759539,475.5,81.0,93.7,300.8,524.6725807,45.16666667,35.83333333,9.166666667,84.5,127.5,44.5,11.33333333,117.5,0.0,0.0,41.1719961,8.000584598,47302,0.0,0.0,0.0,35,SALT LAKE
995,350995,110.8333333,283.7116732,2.559804571,363.3,127.7,2.3,233.3,406.670859,16.66666667,111.0,0.0,2.333333333,156.6666667,11.83333333,5.833333333,59.0,0.0,0.0,32.16999393,11.16753174,47302,0.0,0.0,0.0,35,SALT LAKE
996,350996,35.33333333,92.77064947,2.625584419,769.8,211.3,1.0,557.5,777.1672658,10.16666667,201.1666667,0.0,1.0,396.8333333,0.0,0.166666667,160.5,0.0,0.0,3.66688745,3.667045059,47302,0.0,0.0,0.0,35,SALT LAKE
997,350997,0.0,0.0,0.0,1022.0,93.8,261.5,666.7,1024.833504,72.16666667,21.66666667,26.5,235.0,420.1666667,3.0,29.83333333,213.6666667,0.0,0.0,2.833503939,0.0,47302,0.0,0.0,0.0,35,SALT LAKE
998,350998,87.33333333,235.9814549,2.702077728,83.3,4.5,17.7,61.2,92.33419162,1.5,3.0,5.5,12.16666667,40.66666667,0.0,1.166666667,19.33333333,0.0,0.0,0.0,9.000858283,47302,0.0,0.0,0.0,35,SALT LAKE
999,350999,92.0,231.2333676,2.51340617,368.0,106.0,11.0,251.0,426.8352247,13.5,92.5,0.0,11.0,108.0,0.0,0.0,143.0,0.0,0.0,49.50119184,9.334032864,47302,0.0,0.0,0.0,35,SALT LAKE
1000,351000,92.83333333,241.449513,2.600892421,412.2,240.3,0.3,171.5,470.6700228,18.0,222.3333333,0.0,0.333333333,74.33333333,17.66666667,0.666666667,78.83333333,0.0,0.0,49.16945155,9.333904597,47302,0.0,0.0,0.0,35,SALT LAKE
1001,351001,105.1666667,276.1245687,2.625590194,314.2,291.2,0.0,23.0,324.8338266,39.66666667,251.5,0.0,0.0,3.333333333,0.333333333,0.333333333,19.0,0.0,0.0,0.0,10.66715994,47302,0.0,0.0,0.0,35,SALT LAKE
1002,351002,1.666666667,5.654983911,3.392990347,983.0,928.8,1.0,53.2,983.0,74.16666667,854.6666667,0.0,1.0,6.166666667,1.0,0.0,46.0,0.0,0.0,0.0,0.0,47302,0.0,0.0,0.0,35,SALT LAKE
1003,351003,84.0,213.6736433,2.543733849,423.8,18.0,72.5,333.3,436.6682301,11.0,7.0,4.5,68.0,221.8333333,1.0,2.0,108.5,0.0,0.0,4.167088214,8.667808511,47302,0.0,0.0,0.0,35,SALT LAKE
1004,351004,95.16666667,239.0368369,2.511770616,167.7,15.7,11.7,140.3,205.5044742,4.833333333,10.83333333,0.333333333,11.33333333,88.5,0.166666667,1.833333333,49.83333333,0.0,0.0,28.1703501,9.667457457,47302,0.0,0.0,0.0,35,SALT LAKE
1005,351005,79.66666667,195.1725007,2.449864025,349.5,83.2,35.8,230.5,386.0029357,17.66666667,65.5,0.0,35.83333333,62.83333333,0.166666667,4.166666667,163.3333333,0.0,0.0,28.50241873,8.000516982,47302,0.0,0.0,0.0,35,SALT LAKE
1006,351006,163.5,392.2964936,2.399366934,149.0,68.7,1.2,79.2,172.8347204,12.0,56.66666667,0.0,1.166666667,32.83333333,0.0,1.0,45.33333333,0.0,0.0,7.166857343,16.66786309,47302,0.0,0.0,0.0,35,SALT LAKE
1007,351007,103.8333333,271.3349074,2.613177278,191.7,72.0,0.3,119.3,428.5118355,26.33333333,45.66666667,0.0,0.333333333,34.33333333,0.166666667,20.33333333,64.5,0.0,0.0,226.1772692,10.66789971,47302,0.0,0.0,0.0,35,SALT LAKE
1008,351008,185.5,473.1862225,2.550869124,108.2,73.2,3.0,32.0,166.1702979,43.5,29.66666667,3.0,0.0,9.833333333,0.0,1.166666667,21.0,0.0,0.0,39.16881428,18.83481692,47302,0.0,0.0,0.0,35,SALT LAKE
1009,351009,248.5,621.3077356,2.500232336,497.5,29.2,183.2,285.2,550.8399332,27.33333333,1.833333333,139.1666667,44.0,125.0,7.666666667,2.0,150.5,0.0,0.0,27.83792269,25.50201052,47302,0.0,0.0,0.0,35,SALT LAKE
1010,351010,363.8333333,908.670481,2.497491015,310.7,34.8,23.3,252.5,546.8467758,30.0,4.833333333,10.0,13.33333333,120.3333333,3.666666667,2.0,126.5,0.0,0.0,199.3435422,36.83656688,47302,0.0,0.0,0.0,35,SALT LAKE
1011,351011,288.8333333,716.3362813,2.480102532,271.0,23.0,9.0,239.0,424.8515561,15.0,8.0,1.166666667,7.833333333,24.33333333,0.666666667,26.0,188.0,0.0,0.0,124.3489103,29.50264571,47302,6.0,0.0,0.0,35,SALT LAKE
1012,351012,341.3333333,804.1152291,2.355806335,236.0,89.5,1.5,145.0,515.7115459,86.16666667,3.333333333,0.5,1.0,23.5,0.166666667,73.0,48.33333333,0.0,0.0,244.8764245,34.83512139,47302,0.0,0.0,0.0,35,SALT LAKE
1013,351013,163.0,412.6375713,2.531518843,971.5,244.2,75.8,651.5,1152.184593,203.6666667,40.5,75.66666667,0.166666667,24.83333333,0.166666667,497.3333333,129.1666667,0.0,0.0,164.1839644,16.50062894,47302,0.0,0.0,0.0,35,SALT LAKE
1014,351014,54.16666667,139.2379441,2.570546661,437.8,288.2,0.0,149.7,452.3344053,174.5,113.6666667,0.0,0.0,32.0,0.166666667,19.5,98.0,0.0,0.0,9.000406437,5.500665552,47302,0.0,0.0,0.0,35,SALT LAKE
1015,351015,0.0,0.0,0.0,666.0,2.0,3.0,661.0,666.0,2.0,0.0,0.0,3.0,19.16666667,401.0,0.0,240.8333333,0.0,0.0,0.0,0.0,15646,0.0,0.0,0.0,35,SALT LAKE
1016,351016,39.0,98.87407322,2.535232647,366.7,19.3,6.0,341.3,370.6670383,0.166666667,19.16666667,6.0,0.0,80.83333333,0.0,4.833333333,255.6666667,0.0,0.0,0.0,4.000371676,15646,0.0,0.0,0.0,35,SALT LAKE
1017,351017,48.83333333,115.5429744,2.366067735,572.7,448.2,0.5,124.0,578.3338736,425.8333333,22.33333333,0.0,0.5,47.16666667,0.0,9.833333333,67.0,0.0,0.0,0.666696773,5.000510152,15646,0.0,0.0,0.0,35,SALT LAKE
1018,351018,351.8333333,511.9194773,1.45500562,1185.2,42.2,14.2,1128.8,1220.836391,13.83333333,28.33333333,8.0,6.166666667,112.3333333,735.5,15.33333333,265.6666667,0.0,0.0,0.0,35.66972466,15646,0.0,0.0,0.0,35,SALT LAKE
1019,351019,239.8333333,415.4177391,1.732110101,414.2,3.0,1.0,410.2,441.6687718,3.0,0.0,1.0,0.0,245.3333333,55.0,21.83333333,88.0,0.0,0.0,3.166666667,24.33543844,15646,0.0,0.0,0.0,35,SALT LAKE
1020,351020,103.6666667,267.1626674,2.57713184,334.5,76.0,2.2,256.3,391.1755896,24.5,51.5,0.166666667,2.0,65.33333333,1.0,31.5,158.5,0.0,0.0,46.00860168,10.66698788,15646,0.0,0.0,0.0,35,SALT LAKE
1021,351021,480.8333333,837.7114047,1.742207428,99.3,6.5,0.0,92.8,169.0076871,6.166666667,0.333333333,0.0,0.0,14.33333333,0.0,7.833333333,70.66666667,0.0,0.0,20.8368237,48.83753003,15646,0.0,0.0,0.0,35,SALT LAKE
1022,351022,94.66666667,202.6628723,2.140804989,6.5,0.7,0.0,5.8,16.00082447,0.166666667,0.5,0.0,0.0,3.666666667,0.0,0.333333333,1.833333333,0.0,0.0,0.0,9.500824467,27592,0.0,0.0,0.0,35,SALT LAKE
1023,351023,203.6666667,388.2122329,1.90611571,466.0,85.2,48.3,332.5,503.8358505,66.16666667,19.0,48.0,0.333333333,38.0,67.83333333,80.5,146.1666667,0.0,0.0,17.33419137,20.50165916,15646,196.0,196.0,0.0,35,SALT LAKE
1024,351024,273.5,577.1193979,2.110125769,236.0,49.0,36.0,151.0,274.670394,41.33333333,7.666666667,0.333333333,35.66666667,69.0,1.0,7.833333333,73.16666667,0.0,0.0,11.00132484,27.66906914,22632,0.0,0.0,0.0,35,SALT LAKE
1025,351025,463.1666667,1095.242223,2.36468274,59.5,8.3,9.7,41.5,106.5041291,7.833333333,0.5,6.0,3.666666667,8.0,0.666666667,0.166666667,32.66666667,0.0,0.0,0.0,47.00412909,27592,0.0,0.0,0.0,35,SALT LAKE
1026,351026,47.5,111.7248487,2.352102078,506.2,63.3,251.0,191.8,511.1671059,26.83333333,36.5,13.83333333,237.1666667,110.6666667,18.5,1.0,61.66666667,0.0,0.0,0.0,5.000439265,39739,0.0,0.0,0.0,35,SALT LAKE
1027,351027,7.833333333,21.85602864,2.790131316,2126.2,60.2,1402.7,663.3,2127.166755,21.16666667,39.0,517.5,885.1666667,209.3333333,232.1666667,9.666666667,212.1666667,0.0,0.0,0.0,1.000087853,39739,0.0,0.0,0.0,35,SALT LAKE
1028,351028,158.5,386.6786096,2.439612679,869.3,24.2,109.7,735.5,892.5024039,23.66666667,0.5,69.5,40.16666667,156.1666667,10.83333333,256.0,312.5,0.0,0.0,7.167617659,16.00145291,39739,0.0,0.0,0.0,35,SALT LAKE
1029,351029,0.0,0.0,0.0,205.2,23.3,145.3,36.5,546.0092817,22.66666667,0.666666667,120.8333333,24.5,13.5,5.666666667,0.166666667,17.16666667,0.0,340.842615,0.0,0.0,98944,0.0,0.0,0.0,35,SALT LAKE
1030,351030,273.1666667,684.107216,2.504358326,57.3,1.8,9.3,46.2,97.33694849,1.5,0.333333333,0.833333333,8.5,0.0,5.666666667,0.333333333,40.16666667,0.0,0.0,12.1677983,27.83581685,98944,0.0,0.0,0.0,35,SALT LAKE
1031,351031,300.3333333,608.759652,2.026946677,0.0,0.0,0.0,0.0,33.00295309,0.0,0.0,0.0,0.0,0.0,0.0,0.0,0.0,0.0,0.0,2.333596793,30.6693563,98944,0.0,0.0,0.0,35,SALT LAKE
1032,351032,793.1666667,1965.337397,2.4778366,220.5,0.3,1.0,219.2,345.0112824,0.166666667,0.166666667,0.666666667,0.333333333,77.5,80.16666667,11.66666667,49.83333333,0.0,0.0,43.8377293,80.6735531,138363,0.0,0.0,0.0,35,SALT LAKE
1033,351033,193.3333333,498.8694959,2.580359462,0.0,0.0,0.0,0.0,26.50216354,0.0,0.0,0.0,0.0,0.0,0.0,0.0,0.0,0.0,0.0,6.833641924,19.66852162,171004,0.0,0.0,0.0,35,SALT LAKE
1034,351034,430.8333333,1018.52592,2.364083372,139.8,1.0,16.3,122.5,197.1716277,0.0,1.0,14.5,1.833333333,9.5,3.666666667,87.33333333,22.0,0.0,0.0,13.50093339,43.83736099,43081,0.0,0.0,0.0,35,SALT LAKE
1035,351035,345.3333333,871.29096,2.52304332,954.2,37.0,2.8,914.3,1070.680621,29.33333333,7.666666667,1.333333333,1.5,594.1666667,8.833333333,1.666666667,309.6666667,0.0,0.0,81.34603988,35.16791463,43081,0.0,0.0,0.0,35,SALT LAKE
1036,351036,222.6666667,536.6193855,2.4099673,296.0,2.3,239.0,54.7,322.5030275,2.166666667,0.166666667,2.333333333,236.6666667,16.16666667,3.166666667,24.5,10.83333333,0.0,0.0,3.834083598,22.66894394,42755,0.0,0.0,0.0,35,SALT LAKE
1037,351037,311.3333333,806.0323432,2.588968982,332.5,26.3,102.0,204.2,445.1712309,22.33333333,4.0,33.0,69.0,61.66666667,34.33333333,5.166666667,103.0,0.0,0.0,81.16840283,31.5028281,43081,0.0,0.0,0.0,35,SALT LAKE
1038,351038,527.1666667,1338.522244,2.539087406,703.7,50.8,22.7,630.2,900.8498198,24.16666667,26.66666667,10.83333333,11.83333333,239.3333333,217.6666667,3.166666667,170.0,0.0,0.0,143.511296,53.67185712,41835,0.0,1191.0,1191.0,35,SALT LAKE
1039,351039,512.8333333,953.8686064,1.859997283,277.7,13.8,18.8,245.0,338.3387442,13.33333333,0.5,4.5,14.33333333,91.66666667,13.66666667,9.166666667,130.5,0.0,0.0,8.667394301,52.00468321,55510,0.0,0.0,0.0,35,SALT LAKE
1040,351040,447.6666667,842.9050194,1.882885375,335.2,22.2,12.3,300.7,393.3382019,18.16666667,4.0,2.0,10.33333333,114.6666667,47.33333333,5.833333333,132.8333333,0.0,0.0,12.50089823,45.67063697,13733,789.0,0.0,0.0,35,SALT LAKE
1041,351041,552.8333333,974.3489473,1.76246418,120.2,22.7,41.3,56.2,180.6723047,22.66666667,0.0,25.16666667,16.16666667,18.0,1.0,4.166666667,33.0,0.0,0.0,4.33398071,56.17165737,64537,0.0,0.0,0.0,35,SALT LAKE
1042,351042,0.0,0.0,0.0,1266.0,2.8,9.7,1253.5,1266.0,2.833333333,0.0,1.166666667,8.5,19.5,768.5,0.0,465.5,0.0,0.0,0.0,0.0,64537,0.0,0.0,0.0,35,SALT LAKE
1043,351043,1368.5,2578.547286,1.884214312,763.8,71.7,0.2,692.0,931.8499469,27.5,44.16666667,0.0,0.166666667,60.16666667,433.8333333,0.333333333,197.6666667,0.0,0.0,28.8372828,139.1793308,32124,0.0,0.0,0.0,35,SALT LAKE
1044,351044,465.3333333,852.2304236,1.831440738,210.3,0.3,0.7,209.3,265.3382542,0.0,0.333333333,0.333333333,0.333333333,27.33333333,77.16666667,0.5,104.3333333,0.0,0.0,7.667306481,47.33761441,33483,0.0,0.0,0.0,35,SALT LAKE
1045,351045,151.1666667,318.0603096,2.104037329,308.0,6.0,1.0,301.0,323.3346613,6.0,0.0,1.0,0.0,13.0,18.16666667,254.6666667,15.16666667,0.0,0.0,0.0,15.33466127,67836,0.0,0.0,0.0,35,SALT LAKE
1046,351046,285.0,564.4351742,1.980474296,49.2,17.5,6.2,25.5,78.1692144,17.16666667,0.333333333,1.0,5.166666667,2.166666667,10.16666667,11.0,2.166666667,0.0,0.0,0.0,29.00254773,67836,0.0,0.0,0.0,35,SALT LAKE
1047,351047,269.5,565.8066411,2.099468056,191.8,0.2,12.2,179.5,220.836027,0.0,0.166666667,12.16666667,0.0,0.0,173.5,0.0,6.0,0.0,0.0,1.833692156,27.16900156,79722,342.0,0.0,0.0,35,SALT LAKE
1048,351048,147.0,285.9622954,1.945321738,3241.0,55.5,27.7,3157.8,3256.001318,26.66666667,28.83333333,20.66666667,7.0,21.5,581.1666667,2471.833333,83.33333333,0.0,0.0,0.0,15.00131779,67836,0.0,0.0,0.0,35,SALT LAKE
1049,351049,259.3333333,487.2509114,1.878859555,0.0,0.0,0.0,0.0,26.168988,0.0,0.0,0.0,0.0,0.0,0.0,0.0,0.0,0.0,0.0,0.0,26.168988,67836,0.0,0.0,0.0,35,SALT LAKE
1050,351050,296.0,582.7744299,1.968832533,0.2,0.0,0.0,0.2,30.16930225,0.0,0.0,0.0,0.0,0.0,0.0,0.0,0.166666667,0.0,0.0,0.0,30.00263559,79722,0.0,0.0,0.0,35,SALT LAKE
1051,351051,690.1666667,1117.407061,1.619039451,0.0,0.0,0.0,0.0,70.17277924,0.0,0.0,0.0,0.0,0.0,0.0,0.0,0.0,0.0,0.0,0.0,70.17277924,43936,0.0,0.0,0.0,35,SALT LAKE
1052,351052,531.1666667,950.0434973,1.788597736,209.8,127.8,0.5,81.5,263.8380774,127.6666667,0.166666667,0.5,0.0,0.666666667,19.16666667,19.66666667,42.0,0.0,0.0,0.0,54.00474406,51224,0.0,0.0,0.0,35,SALT LAKE
1053,351053,611.8333333,1013.323417,1.656208254,924.7,79.2,53.3,792.2,989.5058479,7.0,72.16666667,19.0,34.33333333,359.0,31.33333333,59.83333333,342.0,0.0,0.0,2.500451658,62.33872955,42637,288.0,82.0,0.0,35,SALT LAKE
1054,351054,583.8333333,1002.620916,1.717306737,25.8,19.7,0.3,5.8,85.00515969,19.16666667,0.5,0.0,0.333333333,1.666666667,0.5,0.0,3.666666667,0.0,0.0,0.0,59.17182636,38415,0.0,0.0,0.0,35,SALT LAKE
1055,351055,48.16666667,112.1835284,2.329069794,26.0,0.0,0.0,26.0,31.00043926,0.0,0.0,0.0,0.0,1.333333333,24.33333333,0.0,0.333333333,0.0,0.0,0.0,5.000439265,89861,0.0,0.0,0.0,35,SALT LAKE
1056,351056,408.3333333,995.5911534,2.438182416,310.0,3.0,0.0,307.0,354.33748,0.0,3.0,0.0,0.0,0.0,18.16666667,286.8333333,2.0,0.0,0.0,2.83385776,41.50362224,205487,0.0,0.0,0.0,35,SALT LAKE
1057,351057,716.5,1280.94294,1.787778004,1053.2,16.8,4.0,1032.3,1126.673069,14.33333333,2.5,3.0,1.0,181.0,11.33333333,53.66666667,786.3333333,0.0,0.0,0.666787109,72.83961487,42334,0.0,0.0,0.0,35,SALT LAKE
1058,351058,473.1666667,862.6216975,1.823082136,144.8,54.5,0.0,90.3,193.0041933,19.83333333,34.66666667,0.0,0.0,2.333333333,1.333333333,50.66666667,36.0,0.0,0.0,0.0,48.17085997,59811,0.0,0.0,0.0,35,SALT LAKE
1059,351059,395.5,782.6860348,1.978978596,301.8,28.5,11.7,261.7,341.8368475,7.166666667,21.33333333,0.0,11.66666667,13.16666667,38.0,15.5,195.0,0.0,0.0,0.0,40.00351412,89861,0.0,0.0,0.0,35,SALT LAKE
1060,351060,158.1666667,261.8091431,1.655273824,1175.5,18.7,220.5,936.3,1196.668609,15.0,3.666666667,16.16666667,204.3333333,174.5,7.666666667,221.3333333,532.8333333,0.0,0.0,5.000519389,16.16808923,27676,0.0,0.0,0.0,35,SALT LAKE
1061,351061,259.1666667,423.362602,1.633553448,1366.2,37.3,6.0,1322.8,1394.835914,24.0,13.33333333,5.0,1.0,664.0,30.5,135.1666667,493.1666667,0.0,0.0,2.33375488,26.33549255,27676,0.0,0.0,0.0,35,SALT LAKE
1062,351062,292.0,506.3575718,1.734101273,753.3,16.7,10.0,726.7,785.3360304,10.0,6.666666667,1.0,9.0,100.8333333,254.3333333,213.6666667,157.8333333,0.0,0.0,2.333438706,29.66925835,27676,0.0,254.0,254.0,35,SALT LAKE
1063,351063,421.1666667,733.9306115,1.742613245,307.2,54.7,0.0,252.5,351.3373184,18.16666667,36.5,0.0,0.0,35.33333333,41.0,89.66666667,86.5,0.0,0.0,1.16687744,43.0037743,27676,0.0,86.0,86.0,35,SALT LAKE
1064,351064,282.5,620.2187932,2.195464755,651.2,172.2,34.3,444.7,679.8358338,99.0,73.16666667,8.0,26.33333333,148.3333333,4.333333333,142.0,150.0,0.0,0.0,0.0,28.66916709,26536,0.0,0.0,0.0,35,SALT LAKE
1065,351065,196.6666667,386.204016,1.963749234,1165.5,186.7,0.3,978.5,1188.168996,72.33333333,114.3333333,0.0,0.333333333,153.5,426.1666667,210.0,188.8333333,0.0,0.0,2.500112899,20.16888309,26536,0.0,0.0,0.0,35,SALT LAKE
1066,351066,429.1666667,1049.3859,2.445171029,329.0,106.5,8.2,214.3,377.5039769,12.83333333,93.66666667,3.0,5.166666667,60.83333333,1.166666667,43.5,108.8333333,0.0,0.0,5.000185681,43.50379123,26536,0.0,0.0,0.0,35,SALT LAKE
1067,351067,564.5,1199.631914,2.125122966,936.2,371.3,2.3,562.5,998.005577,99.83333333,271.5,0.0,2.333333333,129.6666667,52.33333333,49.0,331.5,0.0,0.0,4.167080674,57.67182969,26536,0.0,0.0,0.0,35,SALT LAKE
1068,351068,1285.333333,2421.891226,1.884251473,668.7,68.2,21.3,579.2,813.8458471,62.33333333,5.833333333,21.33333333,0.0,62.16666667,59.16666667,309.6666667,148.1666667,0.0,0.0,14.50111654,130.6780639,36083,0.0,391.0,0.0,35,SALT LAKE
1069,351069,602.3333333,1039.302391,1.725460527,293.2,52.7,1.0,239.5,354.8386853,16.66666667,36.0,1.0,0.0,15.33333333,4.166666667,173.8333333,46.16666667,0.0,0.0,0.500030107,61.17198856,27372,0.0,0.0,0.0,35,SALT LAKE
1070,351070,588.5,1164.320114,1.97845389,1034.8,327.3,19.3,688.2,1096.505396,125.8333333,201.5,18.16666667,1.166666667,18.5,12.0,509.5,148.1666667,0.0,0.0,2.00024339,59.67181967,38846,0.0,0.0,0.0,35,SALT LAKE
1071,351071,464.0,792.1589869,1.707239196,1587.5,51.0,1.3,1535.2,1654.672017,50.16666667,0.833333333,1.333333333,0.0,24.66666667,3.166666667,1371.833333,135.5,0.0,0.0,20.00120428,47.17081267,35609,0.0,0.0,0.0,35,SALT LAKE
1072,351072,420.6666667,753.9545999,1.792285103,87.3,9.8,0.2,77.3,130.0037338,9.166666667,0.666666667,0.0,0.166666667,2.166666667,1.166666667,3.833333333,70.16666667,0.0,0.0,0.0,42.67040044,52491,0.0,0.0,0.0,35,SALT LAKE
1073,351073,546.8333333,956.4708955,1.749108617,27.3,1.0,0.0,26.3,84.00490626,0.833333333,0.166666667,0.0,0.0,3.333333333,0.0,15.83333333,7.166666667,0.0,0.0,1.0,55.67157292,25165,0.0,0.0,0.0,35,SALT LAKE
1074,351074,392.1666667,742.7941294,1.894077678,495.2,357.5,2.0,135.7,535.8369222,183.8333333,173.6666667,0.0,2.0,12.5,7.5,16.5,99.16666667,0.0,0.0,0.833370966,39.83688459,40408,0.0,0.0,0.0,35,SALT LAKE
1075,351075,0.0,0.0,0.0,19774.8,158.5,1.0,19615.3,19774.83333,6.0,152.5,1.0,0.0,14.5,18895.16667,25.16666667,680.5,0.0,0.0,0.0,0.0,208873,0.0,0.0,0.0,35,SALT LAKE
1076,351076,871.1666667,2130.571343,2.445652967,10733.0,5.5,7.2,10720.3,10821.67438,0.0,5.5,0.166666667,7.0,55.5,7147.333333,3494.5,23.0,0.0,0.0,0.0,88.67437748,31395,13.0,0.0,0.0,35,SALT LAKE
1077,351077,321.3333333,801.4858828,2.494250673,10309.0,742.0,525.5,9041.5,10342.0029,0.333333333,741.6666667,504.3333333,21.16666667,3354.666667,1963.5,2707.833333,1015.5,0.0,0.0,0.0,33.00289915,27133,5.0,12.0,10.0,35,SALT LAKE
1078,351078,146.1666667,355.3498014,2.431127489,436.3,36.8,0.0,399.5,455.8348727,4.5,32.33333333,0.0,0.0,68.83333333,21.16666667,58.83333333,250.6666667,0.0,0.0,4.666894975,14.83464437,34865,0.0,0.0,0.0,35,SALT LAKE
1079,351079,13.83333333,34.84902322,2.519206498,1239.3,747.8,84.0,407.5,1246.000513,571.8333333,176.0,5.166666667,78.83333333,83.0,29.0,4.5,291.0,0.0,0.0,5.333822636,1.333357038,34865,0.0,0.0,0.0,35,SALT LAKE
1080,351080,170.1666667,346.790249,2.037944656,213.5,0.8,0.0,212.7,230.6682176,0.833333333,0.0,0.0,0.0,175.5,0.0,13.5,23.66666667,0.0,0.0,0.0,17.16821759,34865,0.0,0.0,0.0,35,SALT LAKE
1081,351081,195.1666667,425.0545214,2.177905319,956.8,410.5,2.0,544.3,980.502961,312.8333333,97.66666667,1.0,1.0,189.5,6.333333333,79.83333333,268.6666667,0.0,0.0,3.667208649,20.00241902,34865,0.0,0.0,0.0,35,SALT LAKE
1082,351082,470.3333333,956.618548,2.033916119,89.0,29.5,0.3,59.2,138.3378087,11.5,18.0,0.0,0.333333333,32.5,0.166666667,6.333333333,20.16666667,0.0,0.0,1.66674946,47.67105927,34865,0.0,0.0,0.0,35,SALT LAKE
1083,351083,300.5,602.3380852,2.004452862,20.2,7.0,6.3,6.8,50.66936644,0.166666667,6.833333333,1.0,5.333333333,4.833333333,0.333333333,0.333333333,1.333333333,0.0,0.0,0.0,30.50269978,34919,0.0,0.0,0.0,35,SALT LAKE
1084,351084,510.6666667,1002.768891,1.963646653,63.2,35.2,0.0,28.0,115.0044468,3.5,31.66666667,0.0,0.0,2.333333333,0.333333333,20.33333333,5.0,0.0,0.0,0.0,51.8377801,32070,0.0,0.0,0.0,35,SALT LAKE
1085,351085,271.0,611.6404961,2.256976,866.7,410.7,79.7,376.3,915.5031596,145.3333333,265.3333333,78.16666667,1.5,19.66666667,87.33333333,155.1666667,114.1666667,0.0,0.0,21.33397561,27.5025173,26558,263.0,0.0,0.0,35,SALT LAKE
1086,351086,526.8333333,1029.216543,1.953590402,494.2,29.3,3.2,461.7,547.8380436,13.0,16.33333333,2.0,1.166666667,189.1666667,14.16666667,1.333333333,257.0,0.0,0.0,0.0,53.67137692,26558,0.0,0.0,0.0,35,SALT LAKE
1087,351087,848.5,1593.951109,1.87855169,670.3,417.8,19.7,232.8,768.3410238,272.0,145.8333333,19.66666667,0.0,57.0,7.666666667,22.33333333,145.8333333,0.0,0.0,11.83333333,86.17435715,30035,0.0,0.0,0.0,35,SALT LAKE
1088,351088,452.8333333,835.8764259,1.845880955,530.3,62.2,19.3,448.8,577.170872,45.66666667,16.5,15.83333333,3.5,54.83333333,143.5,55.33333333,195.1666667,0.0,0.0,0.833483886,46.00405474,46469,200.0,374.0,540.0,35,SALT LAKE
1089,351089,719.5,1339.327323,1.861469525,16.0,1.8,0.0,14.2,91.17305618,0.833333333,1.0,0.0,0.0,3.666666667,1.166666667,0.166666667,9.166666667,0.0,0.0,2.166764513,73.00629167,29556,0.0,0.0,0.0,35,SALT LAKE
1090,351090,515.8333333,938.5803534,1.819541881,26.5,16.7,3.2,6.7,80.3382775,3.333333333,13.33333333,0.0,3.166666667,5.833333333,0.0,0.5,0.333333333,0.0,0.0,1.333594295,52.5046832,31856,0.0,0.0,0.0,35,SALT LAKE
1091,351091,418.5,825.6312207,1.972834458,340.3,45.0,0.3,295.0,397.1717419,44.83333333,0.166666667,0.166666667,0.166666667,0.333333333,217.3333333,17.83333333,59.5,0.0,0.0,14.33467819,42.50373038,50557,317.0,74.0,1923.0,35,SALT LAKE
1092,351092,459.0,861.398963,1.876686194,382.2,5.5,0.7,376.0,429.1707958,0.0,5.5,0.333333333,0.333333333,4.5,136.5,184.8333333,50.16666667,0.0,0.0,0.0,47.00412909,26506,472.0,224.0,238.0,35,SALT LAKE
1093,351093,0.0,0.0,0.0,4338.0,59.5,0.7,4277.8,4338.0,0.0,59.5,0.0,0.666666667,85.33333333,3168.166667,536.8333333,487.5,0.0,0.0,0.0,0.0,22016,0.0,0.0,0.0,35,SALT LAKE
1094,351094,620.3333333,1422.012293,2.292335776,175.0,0.2,0.2,174.7,238.0055347,0.0,0.166666667,0.0,0.166666667,2.0,2.0,166.0,4.666666667,0.0,0.0,0.0,63.00553473,22016,0.0,0.0,0.0,35,SALT LAKE
1095,351095,380.6666667,955.1058963,2.509034754,462.3,41.7,80.0,340.7,588.8424031,29.16666667,12.5,55.0,25.0,52.0,17.5,4.666666667,266.5,0.0,0.0,87.83973657,38.66933323,18741,0.0,0.0,0.0,35,SALT LAKE
1096,351096,247.3333333,533.1064704,2.155416996,245.2,63.8,53.2,128.2,359.5086789,16.83333333,47.0,52.83333333,0.333333333,13.66666667,1.666666667,22.0,90.83333333,0.0,0.0,89.17307498,25.16893726,18741,0.0,0.0,0.0,35,SALT LAKE
1097,351097,5.333333333,9.476160214,1.77678004,463.7,204.7,79.3,179.7,470.8346281,200.8333333,3.833333333,37.83333333,41.5,23.16666667,10.5,3.166666667,142.8333333,0.0,0.0,6.167873614,1.000087853,18741,0.0,0.0,0.0,35,SALT LAKE
1098,351098,37.5,85.58197049,2.28218588,604.2,26.2,183.5,394.5,624.0023473,24.66666667,1.5,113.8333333,69.66666667,50.66666667,8.0,33.33333333,302.5,0.0,0.0,16.00188437,3.833796216,18741,0.0,0.0,0.0,35,SALT LAKE
1099,351099,386.1666667,915.522793,2.370797047,139.2,19.3,5.0,114.8,280.0149702,13.33333333,6.0,3.666666667,1.333333333,13.33333333,3.666666667,15.66666667,82.16666667,0.0,0.0,101.5111657,39.33713781,18741,0.0,0.0,0.0,35,SALT LAKE
1100,351100,475.5,1040.654224,2.188547264,494.8,210.2,32.7,252.0,565.0053958,189.5,20.66666667,2.0,30.66666667,72.16666667,2.833333333,40.83333333,136.1666667,0.0,0.0,22.00133743,48.17072505,18741,0.0,0.0,0.0,35,SALT LAKE
1101,351101,49.83333333,124.4155953,2.496634019,175.0,49.7,0.2,125.2,184.3341067,45.83333333,3.833333333,0.166666667,0.0,10.0,1.333333333,12.16666667,101.6666667,0.0,0.0,4.333714716,5.000391997,18741,0.0,324.5,324.5,35,SALT LAKE
1102,351102,291.3333333,620.8102818,2.130927741,711.5,412.0,44.8,254.7,986.6975925,354.1666667,57.83333333,36.83333333,8.0,22.83333333,18.16666667,26.5,187.1666667,0.0,0.0,245.695477,29.50211549,18741,0.0,0.0,0.0,35,SALT LAKE
1103,351103,842.1666667,1986.297076,2.3585558,568.7,216.2,2.8,349.7,732.0148624,186.5,29.66666667,1.833333333,1.0,44.66666667,37.33333333,4.166666667,263.5,0.0,0.0,77.67409873,85.67409704,44130,434.0,0.0,0.0,35,SALT LAKE
1104,351104,669.1666667,1379.675977,2.061782281,118.0,62.7,1.2,54.2,189.5061396,24.66666667,38.0,0.333333333,0.833333333,8.166666667,7.166666667,0.333333333,38.5,0.0,0.0,3.500165586,68.005974,52566,6.0,0.0,0.0,35,SALT LAKE
1105,351105,0.0,0.0,0.0,92.8,0.2,0.0,92.7,92.83333333,0.0,0.166666667,0.0,0.0,0.666666667,1.5,0.0,90.5,0.0,0.0,0.0,0.0,52566,0.0,0.0,0.0,35,SALT LAKE
1106,351106,736.5,1466.641093,1.991366046,234.5,124.0,0.2,110.3,309.3399594,21.33333333,102.6666667,0.0,0.166666667,8.333333333,3.166666667,2.333333333,96.5,0.0,0.0,0.0,74.83995944,60839,0.0,0.0,0.0,35,SALT LAKE
1107,351107,672.0,1347.42837,2.005101741,251.5,103.3,25.7,122.5,331.0073856,47.33333333,56.0,21.16666667,4.5,9.0,32.16666667,1.5,79.83333333,0.0,0.0,11.33476858,68.17261703,73581,0.0,0.0,0.0,35,SALT LAKE
1108,351108,235.6666667,599.2796195,2.542912105,198.7,110.8,0.0,87.8,227.1691825,110.6666667,0.166666667,0.0,0.0,0.333333333,1.833333333,1.666666667,84.0,0.0,0.0,4.500403962,24.00211185,74711,0.0,0.0,0.0,35,SALT LAKE
1109,351109,206.1666667,473.0355799,2.294432886,75.5,67.0,0.2,8.3,96.50184491,4.833333333,62.16666667,0.166666667,0.0,1.666666667,1.333333333,0.166666667,5.166666667,0.0,0.0,0.0,21.00184491,74711,0.0,0.0,0.0,35,SALT LAKE
1110,351110,327.3333333,708.252493,2.163704154,3.0,0.2,0.0,2.8,36.00289915,0.166666667,0.0,0.0,0.0,1.166666667,0.5,0.5,0.666666667,0.0,0.0,0.0,33.00289915,102725,0.0,0.0,0.0,35,SALT LAKE
1111,351111,148.6666667,363.1442164,2.442674102,0.0,0.0,0.0,0.0,15.00131779,0.0,0.0,0.0,0.0,0.0,0.0,0.0,0.0,0.0,0.0,0.0,15.00131779,86252,0.0,0.0,0.0,35,SALT LAKE
1112,351112,207.5,457.1391379,2.203080183,0.0,0.0,0.0,0.0,21.00184491,0.0,0.0,0.0,0.0,0.0,0.0,0.0,0.0,0.0,0.0,0.0,21.00184491,102725,0.0,0.0,0.0,35,SALT LAKE
1113,351113,318.8333333,772.5989193,2.423206229,110.7,36.0,0.0,74.7,143.1694982,19.83333333,16.16666667,0.0,0.0,1.833333333,55.0,7.0,10.83333333,0.0,0.0,0.0,32.50283157,86252,565.0,0.0,0.0,35,SALT LAKE
1114,351114,517.6666667,1293.625821,2.498955224,61.0,46.0,0.0,15.0,117.671463,14.5,31.5,0.0,0.0,0.5,4.166666667,2.333333333,8.0,0.0,0.0,4.000180639,52.67128234,96577,0.0,0.0,0.0,35,SALT LAKE
1115,351115,585.8333333,1305.241292,2.228007896,122.7,15.8,0.5,106.3,183.3385329,1.5,14.33333333,0.5,0.0,5.833333333,56.83333333,1.0,42.66666667,0.0,0.0,1.166736916,59.50512931,96062,513.0,0.0,0.0,35,SALT LAKE
1116,351116,314.6666667,701.3614974,2.228903064,611.7,172.3,1.3,438.0,643.8360366,3.0,169.3333333,1.166666667,0.166666667,6.333333333,98.5,1.0,332.1666667,0.0,0.0,0.0,32.16936989,79509,0.0,0.0,0.0,35,SALT LAKE
1117,351117,923.8333333,1916.756195,2.074785706,0.0,0.0,0.0,0.0,94.84190342,0.0,0.0,0.0,0.0,0.0,0.0,0.0,0.0,0.0,0.0,1.00004516,93.84185826,126822,0.0,0.0,0.0,35,SALT LAKE
1118,351118,497.1666667,1103.804616,2.22019031,314.0,168.2,0.2,145.7,364.6711775,18.16666667,150.0,0.0,0.166666667,0.166666667,54.33333333,6.0,85.16666667,0.0,0.0,0.0,50.67117755,78660,451.0,0.0,0.0,35,SALT LAKE
1119,351119,274.1666667,665.3077634,2.426654456,0.0,0.0,0.0,0.0,28.00245988,0.0,0.0,0.0,0.0,0.0,0.0,0.0,0.0,0.0,0.0,0.0,28.00245988,153997,0.0,0.0,0.0,35,SALT LAKE
1120,351120,142.1666667,324.7812024,2.284510216,5.5,0.3,0.0,5.2,21.16821519,0.0,0.333333333,0.0,0.0,0.0,0.333333333,0.0,4.833333333,0.0,0.0,1.333574217,14.33464097,80025,0.0,0.0,0.0,35,SALT LAKE
1121,351121,4.666666667,14.51899534,3.111213287,1282.2,651.5,257.5,373.2,1289.500576,582.5,69.0,86.83333333,170.6666667,24.83333333,21.66666667,1.0,325.6666667,0.0,0.0,6.500521889,0.833387412,19378,0.0,0.0,0.0,35,SALT LAKE
1122,351122,16.33333333,43.74536498,2.678287652,659.7,185.2,321.2,153.3,665.1666823,182.8333333,2.333333333,105.8333333,215.3333333,8.333333333,8.0,0.333333333,136.6666667,0.0,0.0,4.000228341,1.499787294,19378,0.0,0.0,0.0,35,SALT LAKE
1123,351123,615.5,1488.190625,2.417856418,453.2,57.7,43.5,352.0,582.1778718,7.833333333,49.83333333,15.33333333,28.16666667,18.16666667,259.3333333,1.833333333,72.66666667,0.0,0.0,66.33929765,62.67190747,19378,0.0,0.0,0.0,35,SALT LAKE
1124,351124,573.3333333,1400.913448,2.443453689,168.2,10.7,2.3,155.2,358.6841992,6.666666667,4.0,1.166666667,1.166666667,50.16666667,1.0,3.333333333,100.6666667,0.0,0.0,132.0118933,58.50563924,19378,0.0,0.0,0.0,35,SALT LAKE
1125,351125,242.6666667,575.9049643,2.373234743,1090.2,106.8,66.5,916.8,1149.670617,32.5,74.33333333,27.83333333,38.66666667,147.6666667,53.66666667,0.5,715.0,0.0,0.0,34.83512483,24.66882582,19378,0.0,0.0,0.0,35,SALT LAKE
1126,351126,677.5,1519.237507,2.242416985,983.2,138.5,2.7,842.0,1122.844598,10.83333333,127.6666667,1.666666667,1.0,50.5,561.3333333,4.333333333,225.8333333,0.0,0.0,70.83816082,68.83977018,13067,683.0,0.0,0.0,35,SALT LAKE
1127,351127,702.3333333,1609.849194,2.292144083,25.7,2.7,2.0,21.0,103.0064352,1.166666667,1.5,2.0,0.0,15.83333333,0.666666667,0.333333333,4.166666667,0.0,0.0,6.000258416,71.33951012,35609,0.0,0.0,0.0,35,SALT LAKE
1128,351128,595.8333333,1212.474363,2.034922008,168.5,78.2,3.8,86.5,231.8387328,25.5,52.66666667,0.5,3.333333333,12.5,35.83333333,19.16666667,19.0,0.0,0.0,2.666764513,60.67196827,61121,428.0,0.0,0.0,35,SALT LAKE
1129,351129,608.0,1241.659884,2.042203756,187.5,74.0,0.3,113.2,250.1721537,73.5,0.5,0.0,0.333333333,54.66666667,0.666666667,31.66666667,26.16666667,0.0,0.0,0.666706809,62.00544688,51212,0.0,0.0,0.0,35,SALT LAKE
1130,351130,678.1666667,1308.609503,1.929628169,350.7,122.5,6.7,221.5,420.8395452,16.16666667,106.3333333,3.0,3.666666667,29.5,72.5,43.66666667,75.83333333,0.0,0.0,1.16687744,69.00600107,33455,575.0,0.0,0.0,35,SALT LAKE
1131,351131,636.6666667,1315.178151,2.065724845,370.8,55.3,34.8,280.7,436.8389993,24.0,31.33333333,24.33333333,10.5,116.0,21.16666667,114.0,29.5,0.0,0.0,1.333393546,64.67227239,63745,0.0,0.0,0.0,35,SALT LAKE
1132,351132,607.8333333,1263.059862,2.077970709,117.8,84.0,0.3,33.5,179.6721507,3.5,80.5,0.166666667,0.166666667,0.166666667,6.333333333,2.5,24.5,0.0,0.0,0.0,61.83881735,62715,0.0,0.0,0.0,35,SALT LAKE
1133,351133,510.0,1134.215533,2.223952025,278.5,179.0,6.3,93.2,330.5045684,119.5,59.5,0.333333333,6.0,26.0,15.5,30.66666667,21.0,0.0,0.0,0.0,52.00456835,87018,0.0,0.0,0.0,35,SALT LAKE
1134,351134,320.0,773.9757379,2.418674181,196.5,82.5,0.2,113.8,229.002889,80.33333333,2.166666667,0.166666667,0.0,43.16666667,67.83333333,0.5,2.333333333,0.0,0.0,0.0,32.50288897,91769,0.0,724.0,0.0,35,SALT LAKE
1135,351135,384.3333333,892.883669,2.32320122,121.0,19.0,30.7,71.3,160.0034263,16.0,3.0,30.66666667,0.0,2.166666667,3.5,11.66666667,54.0,0.0,0.0,0.0,39.00342626,97828,0.0,0.0,0.0,35,SALT LAKE
1136,351136,502.8333333,1105.483915,2.198509609,1478.7,678.0,15.8,784.8,1536.838206,482.0,196.0,3.666666667,12.16666667,8.5,77.0,43.5,655.8333333,0.0,0.0,7.000358771,51.17118094,69943,0.0,0.0,0.0,35,SALT LAKE
1137,351137,0.833333333,2.292686286,2.751223543,1364.0,1002.5,101.7,259.8,1364.0,859.1666667,143.3333333,34.0,67.66666667,168.0,37.83333333,3.333333333,50.66666667,0.0,0.0,0.0,0.0,17918,0.0,0.0,0.0,35,SALT LAKE
1138,351138,0.0,0.0,0.0,883.3,426.7,340.2,116.5,883.3333333,408.8333333,17.83333333,287.1666667,53.0,33.66666667,18.83333333,1.166666667,62.83333333,0.0,0.0,0.0,0.0,17918,0.0,0.0,0.0,35,SALT LAKE
1139,351139,180.1666667,461.5380134,2.561728104,405.7,102.2,36.5,267.0,433.3352224,56.66666667,45.5,1.833333333,34.66666667,24.16666667,90.5,0.0,152.3333333,0.0,0.0,9.500429017,18.1681267,29125,0.0,0.0,0.0,35,SALT LAKE
1140,351140,79.83333333,212.4578025,2.661266838,457.7,195.7,118.2,143.8,474.1690242,182.0,13.66666667,23.33333333,94.83333333,6.0,75.33333333,0.166666667,62.33333333,0.0,0.0,8.334964344,8.167393145,29125,0.0,0.0,0.0,35,SALT LAKE
1141,351141,561.0,1334.446576,2.378692649,549.0,47.0,161.8,340.2,692.0112629,36.0,11.0,30.16666667,131.6666667,84.33333333,71.16666667,9.666666667,175.0,0.0,0.0,86.00559003,57.0056729,18118,0.0,0.0,0.0,35,SALT LAKE
1142,351142,532.8333333,1079.20009,2.025398981,205.3,32.8,6.2,166.3,294.1738953,15.66666667,17.16666667,3.666666667,2.5,56.16666667,1.666666667,0.0,108.5,0.0,0.0,34.50233597,54.33822598,17918,0.0,0.0,0.0,35,SALT LAKE
1143,351143,341.0,806.0867723,2.363890828,2240.0,96.2,750.0,1393.8,2341.342598,15.5,80.66666667,585.1666667,164.8333333,893.8333333,39.0,1.5,459.5,0.0,0.0,66.67148158,34.67111611,17918,0.0,0.0,360.0,35,SALT LAKE
1144,351144,554.0,1341.934615,2.422264649,434.2,45.0,71.8,317.3,536.34111,21.16666667,23.83333333,34.0,37.83333333,131.0,12.83333333,7.166666667,166.3333333,0.0,0.0,46.00321157,56.1712318,29125,0.0,0.0,0.0,35,SALT LAKE
1145,351145,998.6666667,1821.079342,1.82351069,9544.0,115.2,232.8,9196.0,9731.849751,39.83333333,75.33333333,167.5,65.33333333,825.6666667,6603.0,19.33333333,1748.0,0.0,0.0,86.34098612,101.5087651,20488,0.0,0.0,0.0,35,SALT LAKE
1146,351146,762.5,1454.261343,1.907227991,857.5,26.8,8.8,821.8,935.0067411,16.16666667,10.66666667,0.5,8.333333333,5.666666667,21.16666667,448.3333333,346.6666667,0.0,0.0,0.0,77.50674106,36401,0.0,0.0,0.0,35,SALT LAKE
1147,351147,663.0,1388.224181,2.09385246,326.8,96.8,0.2,229.8,468.8449319,26.83333333,70.0,0.166666667,0.0,53.5,10.16666667,14.83333333,151.3333333,0.0,0.0,74.50559762,67.50600097,52085,0.0,0.0,0.0,35,SALT LAKE
1148,351148,668.6666667,1365.294225,2.04181589,500.0,99.8,19.8,380.3,612.1750584,37.66666667,62.16666667,0.333333333,19.5,44.66666667,7.833333333,233.1666667,94.66666667,0.0,0.0,44.16919577,68.00586262,38798,0.0,0.0,0.0,35,SALT LAKE
1149,351149,498.8333333,961.0500193,1.926595428,235.2,40.8,0.2,194.2,291.5052197,35.0,5.833333333,0.166666667,0.0,62.16666667,25.33333333,23.0,83.66666667,0.0,0.0,5.667419417,50.67113365,34384,0.0,0.0,0.0,35,SALT LAKE
1150,351150,273.8333333,485.2623089,1.772108249,741.3,13.3,0.0,728.0,770.1691319,0.333333333,13.0,0.0,0.0,3.5,700.0,0.0,24.5,0.0,0.0,1.166719353,27.66907924,45100,0.0,0.0,0.0,35,SALT LAKE
1151,351151,341.8333333,737.1311418,2.156405095,459.0,242.0,16.0,201.0,512.1716999,110.0,132.0,6.0,10.0,40.16666667,13.5,12.5,134.8333333,0.0,0.0,18.33516006,34.83653981,34384,0.0,0.0,0.0,35,SALT LAKE
1152,351152,693.5,1343.756635,1.937644751,485.7,133.0,0.2,352.5,673.3511017,104.0,29.0,0.166666667,0.0,91.5,88.0,27.16666667,145.8333333,0.0,0.0,117.178407,70.50602805,45100,0.0,0.0,0.0,35,SALT LAKE
1153,351153,552.8333333,1187.256533,2.147584925,530.8,210.2,1.8,318.8,592.6721339,31.16666667,179.0,0.166666667,1.666666667,61.0,7.833333333,174.1666667,75.83333333,0.0,0.0,5.333654473,56.50514609,77521,0.0,0.0,0.0,35,SALT LAKE
1154,351154,541.6666667,1198.865638,2.213290409,50.5,10.0,0.0,40.5,105.5048319,9.0,1.0,0.0,0.0,4.0,1.166666667,0.166666667,35.16666667,0.0,0.0,0.0,55.00483191,74301,26.0,0.0,0.0,35,SALT LAKE
1155,351155,516.0,1226.833905,2.377585088,18.8,11.3,0.2,7.3,71.17126883,11.16666667,0.166666667,0.0,0.166666667,7.0,0.333333333,0.0,0.0,0.0,0.0,0.0,52.33793549,79501,0.0,0.0,0.0,35,SALT LAKE
1156,351156,446.6666667,1053.362891,2.358275129,92.0,2.0,19.0,71.0,138.3373469,1.0,1.0,16.0,3.0,10.66666667,8.333333333,6.5,45.5,0.0,0.0,1.000060214,45.33728673,74514,0.0,0.0,0.0,35,SALT LAKE
1157,351157,536.6666667,1173.644968,2.186916089,445.2,167.3,9.5,268.3,510.1733854,116.8333333,50.5,2.5,7.0,30.5,84.16666667,7.5,146.1666667,0.0,0.0,10.50189696,54.50482174,61651,621.0,0.0,0.0,35,SALT LAKE
1158,351158,533.6666667,1132.844481,2.122756679,507.7,36.2,58.3,413.2,561.8381145,0.333333333,35.83333333,0.666666667,57.66666667,81.83333333,232.1666667,5.0,94.16666667,0.0,0.0,0.0,54.17144788,73835,627.0,591.0,0.0,35,SALT LAKE
1159,351159,732.1666667,1694.854624,2.314848109,965.2,78.5,0.0,886.7,1039.672823,44.16666667,34.33333333,0.0,0.0,340.6666667,45.5,35.5,465.0,0.0,0.0,0.0,74.50615679,43511,0.0,0.0,0.0,35,SALT LAKE
1160,351160,401.3333333,855.8961806,2.132631679,1778.2,683.0,0.0,1095.2,1819.003568,546.6666667,136.3333333,0.0,0.0,137.5,120.5,190.8333333,646.3333333,0.0,0.0,0.0,40.83690153,43511,0.0,0.0,0.0,35,SALT LAKE
1161,351161,334.1666667,727.0557842,2.175728032,3.2,0.0,0.0,3.2,42.83684226,0.0,0.0,0.0,0.0,0.833333333,0.0,0.666666667,1.666666667,0.0,0.0,5.66718859,34.002987,84120,0.0,0.0,0.0,35,SALT LAKE
1162,351162,275.6666667,663.3209325,2.406242802,403.7,9.3,4.5,389.8,431.6691265,0.333333333,9.0,0.0,4.5,124.5,27.66666667,99.5,138.1666667,0.0,0.0,0.0,28.00245988,84120,0.0,0.0,0.0,35,SALT LAKE
1163,351163,84.16666667,216.2604964,2.56943164,2004.7,30.3,50.8,1923.5,2013.167359,29.83333333,0.5,4.833333333,46.0,232.6666667,40.5,67.16666667,1583.166667,0.0,0.0,0.0,8.500692685,29125,0.0,0.0,0.0,35,SALT LAKE
1164,351164,14.0,34.53896836,2.467069169,129.3,8.5,67.7,53.2,144.1686362,7.5,1.0,61.5,6.166666667,16.16666667,2.0,0.166666667,34.83333333,0.0,0.0,13.50163849,1.333664356,29125,0.0,0.0,0.0,35,SALT LAKE
1165,351165,78.0,202.5244039,2.596466717,203.2,9.2,54.2,139.8,214.8344765,5.333333333,3.833333333,14.0,40.16666667,53.33333333,6.333333333,2.5,77.66666667,0.0,0.0,3.66688745,8.000922333,29125,0.0,0.0,0.0,35,SALT LAKE
1166,351166,62.83333333,159.4540116,2.537729628,545.0,339.3,19.8,185.8,747.3418666,330.0,9.333333333,2.0,17.83333333,17.33333333,23.33333333,2.166666667,143.0,0.0,0.0,195.8421771,6.499689552,29125,0.0,0.0,0.0,35,SALT LAKE
1167,351167,27.16666667,67.71237072,2.492479904,1002.0,71.7,25.2,905.2,1008.334353,71.5,0.166666667,12.33333333,12.83333333,93.16666667,288.8333333,165.1666667,358.0,0.0,0.0,3.500685024,2.833667818,29125,0.0,0.0,0.0,35,SALT LAKE
1168,351168,262.6666667,650.5010497,2.476526839,985.0,147.5,160.3,677.2,1083.174062,142.8333333,4.666666667,92.83333333,67.5,275.1666667,30.5,14.16666667,357.3333333,0.0,0.0,71.33914691,26.83491496,29125,0.0,0.0,0.0,35,SALT LAKE
1169,351169,288.8333333,591.6468188,2.048402143,446.3,97.8,10.3,338.2,518.1747013,38.16666667,59.66666667,6.5,3.833333333,93.0,21.16666667,25.0,199.0,0.0,0.0,42.50538218,29.3359858,34363,0.0,0.0,0.0,35,SALT LAKE
1170,351170,86.16666667,261.3475354,3.033046832,102.3,3.7,21.8,76.8,120.5015596,3.666666667,0.0,8.333333333,13.5,1.333333333,52.83333333,9.833333333,12.83333333,0.0,0.0,9.50100869,8.667217568,51421,131.0,36.0,0.0,35,SALT LAKE
1171,351171,381.1666667,870.0677873,2.282643955,433.5,150.2,36.0,247.3,497.8399237,146.6666667,3.5,9.166666667,26.83333333,98.33333333,7.0,10.66666667,131.3333333,0.0,0.0,25.50297837,38.83694534,34363,0.0,0.0,0.0,35,SALT LAKE
1172,351172,301.1666667,946.5279028,3.142870734,16.2,0.7,14.5,1.0,46.66931243,0.666666667,0.0,0.0,14.5,0.0,0.0,0.0,1.0,0.0,0.0,0.0,30.50264576,51421,0.0,0.0,0.0,35,SALT LAKE
1173,351173,234.5,533.4045439,2.274646243,382.2,135.8,0.8,245.5,408.8359132,75.5,60.33333333,0.666666667,0.166666667,58.83333333,5.0,59.16666667,122.5,0.0,0.0,2.833845212,23.83540131,56284,0.0,0.0,0.0,35,SALT LAKE
1174,351174,453.3333333,1024.032422,2.25889505,16.5,2.7,1.2,12.7,111.17666,1.833333333,0.833333333,0.0,1.166666667,4.0,0.166666667,1.333333333,7.166666667,0.0,0.0,48.67277408,46.00388593,56284,0.0,0.0,0.0,35,SALT LAKE
1175,351175,560.8333333,1388.405988,2.475612459,619.5,192.0,10.3,417.2,839.6909504,81.5,110.5,9.833333333,0.5,136.5,4.666666667,96.16666667,179.8333333,0.0,0.0,163.1853724,57.00557803,50579,0.0,0.0,0.0,35,SALT LAKE
1176,351176,679.6666667,1818.781503,2.675990442,1141.7,623.7,15.5,502.5,1474.201439,256.6666667,367.0,15.5,0.0,252.8333333,7.833333333,24.5,217.3333333,0.0,0.0,263.3622158,69.17255624,50579,0.0,0.0,0.0,35,SALT LAKE
1177,351177,181.3333333,483.868332,2.668391537,2556.3,825.0,72.7,1658.7,2580.335906,681.3333333,143.6666667,1.166666667,71.5,648.0,22.16666667,30.33333333,958.1666667,0.0,0.0,5.500248378,18.50232464,50579,0.0,0.0,0.0,35,SALT LAKE
1178,351178,328.6666667,749.6953226,2.281020251,125.7,17.7,2.8,105.2,323.51536,12.16666667,5.5,2.666666667,0.166666667,51.83333333,1.0,12.5,39.83333333,0.0,0.0,164.3458212,33.50287216,50579,0.0,0.0,0.0,35,SALT LAKE
1179,351179,93.83333333,234.5996476,2.500173864,261.5,55.5,2.3,203.7,315.8376532,35.33333333,20.16666667,1.666666667,0.666666667,59.16666667,17.66666667,6.166666667,120.6666667,0.0,0.0,44.83698402,9.500669169,50579,0.0,0.0,0.0,35,SALT LAKE
1180,351180,369.6666667,948.891499,2.566884127,1391.3,362.5,4.2,1024.7,1827.6857,242.8333333,119.6666667,0.0,4.166666667,466.3333333,26.33333333,58.66666667,473.3333333,0.0,0.0,398.6841008,37.66826558,50579,0.0,0.0,0.0,35,SALT LAKE
1181,351181,3.333333333,13.45738928,4.037216785,309.5,37.7,34.7,237.2,309.8333435,3.166666667,34.5,0.166666667,34.5,16.66666667,145.0,6.333333333,69.16666667,0.0,0.0,0.0,0.333343474,72990,0.0,0.0,1952.0,35,SALT LAKE
1182,351182,536.3333333,1339.628406,2.497753399,157.3,1.3,3.3,152.7,211.8381619,0.0,1.333333333,0.166666667,3.166666667,67.5,40.16666667,22.0,23.0,0.0,0.0,0.0,54.50482852,72990,0.0,0.0,0.0,35,SALT LAKE
1183,351183,668.8333333,1816.184081,2.715450907,527.3,105.0,3.5,418.8,595.3393073,84.5,20.5,3.5,0.0,79.5,39.66666667,1.666666667,298.0,0.0,0.0,0.0,68.005974,110515,0.0,0.0,0.0,35,SALT LAKE
1184,351184,0.0,0.0,0.0,586.5,106.3,226.3,253.8,586.5,106.3333333,0.0,85.0,141.3333333,100.3333333,18.66666667,0.0,134.8333333,0.0,0.0,0.0,0.0,29125,0.0,0.0,0.0,35,SALT LAKE
1185,351185,0.0,0.0,0.0,494.2,78.7,283.7,131.8,494.1666667,78.66666667,0.0,223.1666667,60.5,20.83333333,17.16666667,1.833333333,92.0,0.0,0.0,0.0,0.0,29125,0.0,0.0,0.0,35,SALT LAKE
1186,351186,41.5,97.05604598,2.338699903,520.0,83.5,142.0,294.5,543.1687706,81.16666667,2.333333333,67.0,75.0,58.5,138.1666667,7.666666667,90.16666667,0.0,0.0,19.00171873,4.167051853,29125,0.0,0.0,0.0,35,SALT LAKE
1187,351187,208.8333333,599.432868,2.870388833,709.2,33.7,54.3,621.2,737.6688861,32.16666667,1.5,28.33333333,26.0,185.0,110.5,79.66666667,246.0,0.0,0.0,7.333636909,21.16858252,29125,0.0,0.0,0.0,35,SALT LAKE
1188,351188,63.0,148.2478321,2.353140192,980.8,70.5,118.0,792.3,991.6675685,58.0,12.5,56.0,62.0,76.16666667,430.5,4.0,281.6666667,0.0,0.0,4.333694659,6.50054053,29125,727.0,0.0,129.0,35,SALT LAKE
1189,351189,0.0,0.0,0.0,547.2,112.5,310.5,124.2,547.1666667,88.33333333,24.16666667,128.5,182.0,6.333333333,17.0,0.166666667,100.6666667,0.0,0.0,0.0,0.0,29125,0.0,0.0,0.0,35,SALT LAKE
1190,351190,0.0,0.0,0.0,477.7,59.5,372.7,45.5,477.6666667,58.0,1.5,118.6666667,254.0,2.833333333,21.33333333,0.0,21.33333333,0.0,0.0,0.0,0.0,29125,0.0,0.0,0.0,35,SALT LAKE
1191,351191,0.0,0.0,0.0,640.3,125.8,362.2,152.3,640.3333333,72.33333333,53.5,101.6666667,260.5,84.33333333,24.16666667,0.166666667,43.66666667,0.0,0.0,0.0,0.0,29125,0.0,0.0,0.0,35,SALT LAKE
1192,351192,373.8333333,884.7672025,2.366742405,1280.3,145.7,138.7,996.0,1367.507528,140.6666667,5.0,68.66666667,70.0,362.3333333,165.5,92.0,376.1666667,0.0,0.0,49.33720235,37.83699262,29125,0.0,0.0,0.0,35,SALT LAKE
1193,351193,385.8333333,908.0172081,2.353392332,821.3,240.7,2.5,578.2,936.8425121,197.5,43.16666667,2.0,0.5,153.1666667,32.66666667,192.1666667,200.1666667,0.0,0.0,76.17224694,39.33693186,55473,0.0,0.0,0.0,35,SALT LAKE
1194,351194,427.5,843.2072113,1.972414529,2.7,0.0,0.0,2.7,55.67047714,0.0,0.0,0.0,0.0,0.0,0.333333333,2.333333333,0.0,0.0,0.0,9.666854832,43.33695564,19169,0.0,0.0,0.0,35,SALT LAKE
1195,351195,811.3333333,1702.788546,2.098753343,593.0,218.2,1.7,373.2,746.6826836,196.0,22.16666667,1.333333333,0.333333333,160.1666667,9.166666667,49.5,154.3333333,0.0,0.0,71.17548639,82.50719717,20291,0.0,0.0,0.0,35,SALT LAKE
1196,351196,610.5,1402.910277,2.297969331,26.3,14.0,0.0,12.3,100.1731764,14.0,0.0,0.0,0.0,1.833333333,0.166666667,1.333333333,9.0,0.0,0.0,11.66775312,62.17208991,33292,0.0,0.0,0.0,35,SALT LAKE
1197,351197,378.6666667,848.8726041,2.241741032,69.7,57.7,4.8,7.2,141.5045267,57.33333333,0.333333333,0.0,4.833333333,0.166666667,2.833333333,0.166666667,4.0,0.0,0.0,33.16778061,38.67007942,51300,0.0,0.0,0.0,35,SALT LAKE
1198,351198,1.0,1.0,1.0,0.0,0.0,0.0,0.0,0.0,0.0,0.0,0.0,0.0,0.0,0.0,0.0,0.0,0.0,0.0,0.0,0.0,51300,0.0,0.0,0.0,35,SALT LAKE
1199,351199,7.333333333,16.96498791,2.313407443,1192.2,219.7,172.8,799.7,1193.166755,213.8333333,5.833333333,32.0,140.8333333,25.16666667,388.6666667,0.166666667,385.6666667,0.0,0.0,0.0,1.000087853,38541,0.0,0.0,0.0,35,SALT LAKE
1200,351200,23.5,51.811562,2.204747319,592.3,51.3,344.5,196.5,595.0002728,32.83333333,18.5,82.0,262.5,12.33333333,33.16666667,0.0,151.0,0.0,0.0,0.500090332,2.166849126,38541,0.0,0.0,0.0,35,SALT LAKE
1201,351201,65.33333333,141.5324253,2.166312633,476.0,73.5,171.8,230.7,501.1696683,70.5,3.0,5.666666667,166.1666667,79.33333333,6.5,0.666666667,144.1666667,0.0,0.0,18.33566936,6.833998942,38541,0.0,0.0,0.0,35,SALT LAKE
1202,351202,402.3333333,788.9674993,1.9609797,1772.2,332.2,215.2,1224.8,1925.016205,241.8333333,90.33333333,49.0,166.1666667,426.5,160.8333333,58.0,579.5,0.0,0.0,111.8455279,41.00401055,38541,0.0,0.0,0.0,35,SALT LAKE
1203,351203,19.5,51.20159045,2.625722587,968.8,146.8,549.3,272.7,974.5001757,117.5,29.33333333,428.8333333,120.5,4.833333333,28.66666667,0.166666667,239.0,0.0,0.0,3.666666667,2.000175706,38541,0.0,0.0,0.0,35,SALT LAKE
1204,351204,97.16666667,225.5903664,2.321684732,524.2,170.0,83.8,270.3,535.8342871,167.8333333,2.166666667,30.16666667,53.66666667,25.0,10.0,6.833333333,228.5,0.0,0.0,1.666741933,10.00087853,38541,0.0,0.0,0.0,35,SALT LAKE
1205,351205,138.1666667,352.923681,2.554333035,2274.5,609.8,233.2,1431.5,2310.169139,400.1666667,209.6666667,127.8333333,105.3333333,88.33333333,23.0,455.8333333,864.3333333,0.0,0.0,21.50228581,14.16685306,38541,0.0,0.0,0.0,35,SALT LAKE
1206,351206,63.16666667,141.160779,2.234735287,1048.7,35.7,586.3,426.7,1059.001001,35.5,0.166666667,274.6666667,311.6666667,184.1666667,39.0,0.166666667,203.3333333,0.0,0.0,3.833506445,6.500827508,38541,0.0,0.0,0.0,35,SALT LAKE
1207,351207,446.6666667,1089.469363,2.439110515,344.7,27.8,67.3,249.5,448.8394195,26.16666667,1.666666667,35.33333333,32.0,94.5,21.0,8.666666667,125.3333333,0.0,0.0,58.83591516,45.33683764,38541,0.0,0.0,0.0,35,SALT LAKE
1208,351208,484.5,1222.14651,2.522490216,1916.5,282.8,585.5,1048.2,2043.843813,206.8333333,76.0,382.8333333,202.6666667,286.6666667,364.6666667,19.0,377.8333333,0.0,0.0,78.0073166,49.33649672,38541,0.0,0.0,0.0,35,SALT LAKE
1209,351209,2.0,5.502193111,2.751096556,951.8,15.3,342.8,593.7,951.8333333,15.0,0.333333333,133.5,209.3333333,443.5,37.83333333,0.166666667,112.1666667,0.0,0.0,0.0,0.0,20421,0.0,0.0,0.0,35,SALT LAKE
1210,351210,318.0,745.7009766,2.344971624,313.5,31.2,116.3,166.0,376.6738952,30.16666667,1.0,69.66666667,46.66666667,16.83333333,5.5,11.0,132.6666667,0.0,0.0,30.83791264,32.33598256,20421,0.0,0.0,0.0,35,SALT LAKE
1211,351211,978.8333333,2486.552501,2.540322664,2273.0,124.7,229.7,1918.7,2442.678635,105.3333333,19.33333333,95.16666667,134.5,61.0,48.16666667,12.83333333,1796.666667,0.0,0.0,70.33624624,99.34238915,20421,0.0,0.0,0.0,35,SALT LAKE
1212,351212,564.0,1378.912271,2.444879913,669.0,192.8,12.5,463.7,786.3435376,126.1666667,66.66666667,12.33333333,0.166666667,162.6666667,87.83333333,34.33333333,178.8333333,0.0,0.0,59.83821606,57.50532158,26984,0.0,802.0,0.0,35,SALT LAKE
1213,351213,371.0,726.1363427,1.957240816,159.7,63.2,17.2,79.3,199.0034157,46.16666667,17.0,11.5,5.666666667,7.833333333,3.0,0.333333333,68.16666667,0.0,0.0,1.500040143,37.83670888,31546,0.0,0.0,0.0,35,SALT LAKE
1214,351214,202.3333333,454.5423598,2.246502602,6.7,0.0,0.0,6.7,34.50257344,0.0,0.0,0.0,0.0,0.166666667,0.0,6.166666667,0.333333333,0.0,0.0,7.167391834,20.66851494,46180,0.0,0.0,0.0,35,SALT LAKE
1215,351215,312.5,677.6866672,2.168597335,111.8,38.0,0.0,73.8,148.3366856,35.5,2.5,0.0,0.0,2.833333333,4.333333333,0.166666667,66.5,0.0,0.0,4.667309019,31.83604329,46180,0.0,0.0,0.0,35,SALT LAKE
1216,351216,1660.0,4086.150364,2.461536364,1193.7,351.0,71.3,771.3,1868.223167,282.1666667,68.83333333,21.83333333,49.5,142.3333333,20.83333333,61.5,546.6666667,0.0,0.0,505.7079785,168.8485217,28566,0.0,0.0,0.0,35,SALT LAKE
1217,351217,1325.666667,3227.340124,2.434503488,384.7,58.0,56.8,269.8,812.3608269,42.5,15.5,37.66666667,19.16666667,14.5,138.3333333,37.33333333,79.66666667,0.0,0.0,293.1810402,134.51312,35592,648.7692308,55.61538462,55.61538462,35,SALT LAKE
1218,351218,564.1666667,1387.150714,2.458760498,1566.0,32.8,11.2,1522.0,1651.841655,14.0,18.83333333,10.5,0.666666667,271.0,78.16666667,392.1666667,780.6666667,0.0,0.0,28.33643464,57.50522041,52923,262.7692308,112.6153846,112.6153846,35,SALT LAKE
1219,351219,245.6666667,578.4647814,2.354673466,636.0,66.8,128.0,441.2,705.505171,66.66666667,0.166666667,28.83333333,99.16666667,144.5,37.5,26.83333333,232.3333333,0.0,0.0,44.66984054,24.8353305,38355,0.0,0.0,0.0,35,SALT LAKE
1220,351220,888.3333333,2054.776327,2.313069036,225.0,19.0,5.2,200.8,323.6759597,18.5,0.5,2.5,2.666666667,23.83333333,33.83333333,57.5,85.66666667,0.0,0.0,8.50134243,90.17461731,38355,0.0,0.0,0.0,35,SALT LAKE
1221,351221,545.5,1233.241871,2.260755034,387.5,31.5,11.7,344.3,466.8389143,28.66666667,2.833333333,4.0,7.666666667,33.33333333,11.16666667,1.833333333,298.0,0.0,0.0,24.00042149,55.33849284,33265,0.0,0.0,0.0,35,SALT LAKE
1222,351222,548.5,1249.004543,2.277127699,201.7,0.0,0.2,201.5,263.8391038,0.0,0.0,0.0,0.166666667,51.83333333,4.166666667,19.66666667,125.8333333,0.0,0.0,6.500840574,55.6715966,33265,0.0,0.0,0.0,35,SALT LAKE
1223,351223,1087.666667,2091.752497,1.923155836,2401.0,362.0,130.5,1908.5,2561.846827,361.5,0.5,77.5,53.0,485.8333333,161.1666667,522.5,739.0,0.0,0.0,50.17051309,110.6763136,41722,608.0,0.0,0.0,35,SALT LAKE
1224,351224,797.3333333,1736.856057,2.178331175,718.2,1.2,14.2,702.8,815.843062,1.0,0.166666667,5.666666667,8.5,94.66666667,40.66666667,285.5,282.0,0.0,0.0,16.50256189,81.1738334,34015,0.0,0.0,0.0,35,SALT LAKE
1225,351225,1.0,5.502193111,5.502193111,403.2,73.5,14.7,315.0,403.1666667,26.83333333,46.66666667,2.5,12.16666667,5.833333333,5.0,0.166666667,304.0,0.0,0.0,0.0,0.0,36844,0.0,0.0,0.0,35,SALT LAKE
1226,351226,489.6666667,1222.398534,2.496389109,106.8,5.5,44.2,57.2,187.8396769,4.833333333,0.666666667,19.16666667,25.0,6.833333333,1.666666667,1.333333333,47.33333333,0.0,0.0,31.16854333,49.83780028,36844,0.0,0.0,0.0,35,SALT LAKE
1227,351227,726.5,1816.793188,2.500747678,629.0,181.0,19.5,428.5,761.8468266,162.5,18.5,5.833333333,13.66666667,98.16666667,10.66666667,120.0,199.6666667,0.0,0.0,59.00700573,73.8398209,36844,0.0,0.0,0.0,35,SALT LAKE
1228,351228,269.0,611.6608765,2.273832255,618.8,97.0,263.8,258.0,646.8357656,84.0,13.0,133.8333333,130.0,32.16666667,27.0,23.33333333,175.5,0.0,0.0,1.000060214,27.00237203,36844,0.0,0.0,0.0,35,SALT LAKE
1229,351229,328.5,773.5136264,2.354683794,998.7,495.8,165.5,337.3,1169.34696,440.3333333,55.5,160.3333333,5.166666667,17.83333333,6.333333333,4.666666667,308.5,0.0,0.0,137.1770667,33.50322671,36844,0.0,0.0,0.0,35,SALT LAKE
1230,351230,69.33333333,176.6584806,2.547958854,432.3,9.0,125.5,297.8,469.3393258,8.666666667,0.333333333,68.5,57.0,85.5,42.0,1.833333333,168.5,0.0,0.0,29.83841698,7.167575505,36844,0.0,0.0,0.0,35,SALT LAKE
1231,351231,680.6666667,1324.655686,1.946115112,946.2,77.3,55.7,813.2,1023.840643,66.66666667,10.66666667,17.5,38.16666667,71.33333333,407.8333333,9.166666667,324.8333333,0.0,0.0,8.334402245,69.33957419,36844,0.0,0.0,0.0,35,SALT LAKE
1232,351232,80.83333333,197.2977349,2.440796721,588.5,11.3,24.7,552.5,623.1717774,8.0,3.333333333,17.33333333,7.333333333,248.0,14.66666667,31.16666667,258.6666667,0.0,0.0,26.33774457,8.334032791,36844,0.0,0.0,0.0,35,SALT LAKE
1233,351233,12.66666667,34.08923558,2.69125544,1249.8,91.8,117.3,1040.7,1262.834027,91.66666667,0.166666667,18.16666667,99.16666667,240.6666667,113.8333333,270.8333333,415.3333333,0.0,0.0,11.83405089,1.16664309,36844,0.0,0.0,0.0,35,SALT LAKE
1234,351234,1.833333333,4.12628401,2.250700369,10100.7,769.3,20.7,9310.7,10100.66667,756.6666667,12.66666667,6.666666667,14.0,127.0,1047.0,7545.666667,591.0,0.0,0.0,0.0,0.0,36844,0.0,0.0,0.0,35,SALT LAKE
1235,351235,993.8333333,2126.562202,2.139757373,476.7,189.8,3.5,283.3,679.3600461,125.5,64.33333333,0.0,3.5,66.83333333,7.0,43.83333333,165.6666667,0.0,0.0,101.6847632,101.0086163,34105,0.0,0.0,0.0,35,SALT LAKE
1236,351236,364.5,839.3713168,2.302801966,607.7,346.5,36.2,225.0,710.0090322,342.8333333,3.666666667,0.833333333,35.33333333,39.33333333,7.833333333,16.83333333,161.0,0.0,0.0,65.33904409,37.00332147,43469,0.0,0.0,0.0,35,SALT LAKE
1237,351237,276.8333333,621.9028263,2.246488235,1455.8,25.5,0.0,1430.3,1487.33608,7.166666667,18.33333333,0.0,0.0,383.3333333,119.0,348.3333333,579.6666667,0.0,0.0,3.166922592,28.33582364,43469,1030.0,441.0,441.0,35,SALT LAKE
1238,351238,459.1666667,1057.789917,2.303716698,1195.3,67.0,24.0,1104.3,1314.8433,44.5,22.5,7.0,17.0,34.16666667,549.5,222.0,298.6666667,0.0,0.0,72.67272373,46.83724292,48500,0.0,0.0,0.0,35,SALT LAKE
1239,351239,1290.0,2658.137435,2.060571655,994.7,189.3,0.2,805.2,1186.847273,121.5,67.83333333,0.166666667,0.0,35.5,56.16666667,121.5,592.0,0.0,0.0,61.33656742,130.8440384,49082,625.0,0.0,0.0,35,SALT LAKE
1240,351240,1419.333333,3050.908547,2.149536318,714.8,0.0,0.2,714.7,1009.188818,0.0,0.0,0.166666667,0.0,63.0,6.666666667,254.5,390.5,0.0,0.0,150.3409329,144.0145517,56623,0.0,0.0,0.0,35,SALT LAKE
1241,351241,427.6666667,1063.912046,2.48771328,1796.2,79.0,33.0,1684.2,1841.670941,15.5,63.5,0.666666667,32.33333333,230.0,138.5,199.0,1116.666667,0.0,0.0,2.167058103,43.33721573,67179,459.0,0.0,0.0,35,SALT LAKE
1242,351242,509.3333333,994.3511835,1.952260177,254.2,7.0,0.0,247.2,330.3399617,7.0,0.0,0.0,0.0,2.166666667,21.16666667,29.83333333,194.0,0.0,0.0,24.50215789,51.67113717,59374,0.0,0.0,0.0,35,SALT LAKE
1243,351243,6.0,15.58954715,2.598257858,1268.5,24.7,167.3,1076.5,1269.833441,3.5,21.16666667,48.0,119.3333333,136.0,68.83333333,526.5,345.1666667,0.0,0.0,0.333353405,1.000087853,38015,0.0,0.0,0.0,35,SALT LAKE
1244,351244,585.6666667,1392.826388,2.378189621,1888.0,799.8,203.8,884.3,1966.506787,724.5,75.33333333,29.0,174.8333333,214.5,172.3333333,346.1666667,151.3333333,0.0,0.0,18.6680542,59.83873284,38015,0.0,0.0,1477.0,35,SALT LAKE
1245,351245,16.66666667,42.64178857,2.558507314,767.5,80.3,287.7,399.5,769.5001757,80.33333333,0.0,215.6666667,72.0,117.5,29.33333333,44.5,208.1666667,0.0,0.0,0.0,2.000175706,38984,0.0,0.0,0.0,35,SALT LAKE
1246,351246,608.6666667,1373.697765,2.256896657,1242.2,484.7,1.0,756.5,1330.676659,404.3333333,80.33333333,1.0,0.0,66.5,102.3333333,82.16666667,505.5,0.0,0.0,26.6713338,61.83865864,38984,402.0,0.0,0.0,35,SALT LAKE
1247,351247,34.66666667,81.61294516,2.354219572,867.0,523.2,1.7,342.2,873.3336341,239.8333333,283.3333333,0.5,1.166666667,21.33333333,60.5,20.83333333,239.5,0.0,0.0,2.833333333,3.500300728,40679,0.0,780.0,0.0,35,SALT LAKE
1248,351248,229.6666667,504.0581171,2.19473781,688.2,96.7,1.5,590.0,721.0030588,66.83333333,29.83333333,0.666666667,0.833333333,20.33333333,102.5,97.0,370.1666667,0.0,0.0,9.334256695,23.50213547,40679,0.0,0.0,0.0,35,SALT LAKE
1249,351249,763.1666667,1607.103105,2.105835036,4.8,0.0,0.0,4.8,122.3432026,0.0,0.0,0.0,0.0,0.0,0.166666667,3.166666667,1.5,0.0,0.0,39.8363569,77.67351241,38452,0.0,0.0,0.0,35,SALT LAKE
1250,351250,896.1666667,1666.858484,1.859987149,506.3,229.8,22.5,254.0,638.0116741,177.1666667,52.66666667,14.83333333,7.666666667,30.5,42.33333333,31.66666667,149.5,0.0,0.0,40.50373361,91.17460719,40826,0.0,0.0,0.0,35,SALT LAKE
1251,351251,223.3333333,492.4556688,2.205025383,974.0,215.3,4.5,754.2,1024.003706,166.5,48.83333333,0.5,4.0,23.33333333,70.16666667,583.8333333,76.83333333,0.0,0.0,27.33504952,22.66865682,72363,61.0,6.0,0.0,35,SALT LAKE
1252,351252,380.5,1013.320157,2.663127877,120.0,1.0,0.2,118.8,161.3368842,0.0,1.0,0.166666667,0.0,0.5,56.83333333,60.33333333,1.166666667,0.0,0.0,2.833461286,38.50342287,72363,511.0,0.0,0.0,35,SALT LAKE
1253,351253,408.8333333,942.7108153,2.30585605,1089.5,319.2,11.7,758.7,1206.678992,186.8333333,132.3333333,2.333333333,9.333333333,93.83333333,41.83333333,253.3333333,369.6666667,0.0,0.0,75.50851351,41.67047806,49048,0.0,0.0,0.0,35,SALT LAKE
1254,351254,33.5,79.7818691,2.381548331,4790.8,2974.2,26.7,1790.0,4825.501875,2193.833333,780.3333333,20.66666667,6.0,262.0,272.3333333,374.3333333,881.3333333,0.0,0.0,31.50164834,3.166893089,62914,0.0,0.0,0.0,35,SALT LAKE
1255,351255,248.5,600.8077105,2.417737265,413.7,47.8,0.2,365.7,444.3366006,47.66666667,0.166666667,0.166666667,0.0,19.33333333,26.33333333,262.8333333,57.16666667,0.0,0.0,5.501033802,25.16890014,62914,0.0,0.0,0.0,35,SALT LAKE
1256,351256,789.0,1775.218068,2.249959529,2135.7,141.2,21.3,1973.2,2243.510487,3.333333333,137.8333333,1.0,20.33333333,1418.666667,218.1666667,116.8333333,219.5,0.0,0.0,27.6702272,80.17359358,43784,422.0,0.0,0.0,35,SALT LAKE
1257,351257,347.5,822.2734685,2.366254586,2029.3,275.2,136.0,1618.2,2067.670174,186.5,88.66666667,57.0,79.0,294.6666667,50.33333333,421.3333333,851.8333333,0.0,0.0,3.000361315,35.33647911,68827,0.0,0.0,0.0,35,SALT LAKE
1258,351258,613.3333333,1450.281905,2.364590063,1253.2,22.0,8.7,1222.5,1332.841499,14.66666667,7.333333333,0.333333333,8.333333333,14.83333333,91.83333333,1004.0,111.8333333,0.0,0.0,17.33601817,62.33881402,56299,0.0,0.0,0.0,35,SALT LAKE
1259,351259,653.3333333,1386.398754,2.122038909,1047.0,47.2,71.7,928.2,1121.17344,32.33333333,14.83333333,2.333333333,69.33333333,74.16666667,31.0,358.1666667,464.8333333,0.0,0.0,7.834301901,66.33913837,62398,0.0,0.0,0.0,35,SALT LAKE
1260,351260,769.1666667,1416.357646,1.841418391,946.0,3.7,49.5,892.8,1036.006923,3.0,0.666666667,10.5,39.0,68.5,377.1666667,144.5,302.6666667,0.0,0.0,11.83333333,78.17359014,46438,453.0,0.0,1784.0,35,SALT LAKE
1261,351261,780.8333333,1849.960441,2.369212945,681.8,69.5,5.2,607.2,765.3408188,46.66666667,22.83333333,1.833333333,3.333333333,119.5,13.0,89.66666667,385.0,0.0,0.0,4.000572106,79.50691339,72016,0.0,0.0,0.0,35,SALT LAKE
1262,351262,549.5,1089.586132,1.982868303,268.0,1.2,2.7,264.2,339.3394846,1.166666667,0.0,0.0,2.666666667,45.33333333,15.5,18.16666667,185.1666667,0.0,0.0,15.50119436,55.83829023,39330,0.0,0.0,0.0,35,SALT LAKE
1263,351263,908.6666667,2221.227059,2.444490527,7.3,4.8,0.0,2.5,312.8569794,4.5,0.333333333,0.0,0.0,1.0,0.0,0.166666667,1.333333333,0.0,0.0,213.1824565,92.34118958,51981,0.0,0.0,0.0,35,SALT LAKE
1264,351264,706.1666667,1411.148659,1.998322387,60.2,21.0,0.8,38.3,132.0065821,13.66666667,7.333333333,0.833333333,0.0,18.5,0.333333333,1.333333333,18.16666667,0.0,0.0,0.0,71.83991548,46415,0.0,0.0,0.0,35,SALT LAKE
1265,351265,220.5,477.1660496,2.164018365,69.5,3.8,0.0,65.7,114.1708453,1.333333333,2.5,0.0,0.0,39.33333333,0.333333333,5.166666667,20.83333333,0.0,0.0,22.00223568,22.66860959,46415,0.0,0.0,0.0,35,SALT LAKE
1266,351266,782.1666667,1769.718929,2.262585462,94.3,9.3,17.2,67.8,181.1741601,0.0,9.333333333,0.0,17.16666667,37.66666667,6.333333333,9.666666667,14.16666667,0.0,0.0,7.333774901,79.50705185,63492,0.0,0.0,0.0,35,SALT LAKE
1267,351267,469.3333333,952.7956887,2.03010445,73.0,28.7,0.2,44.2,121.0042169,28.16666667,0.5,0.0,0.166666667,1.5,18.16666667,13.5,11.0,0.0,0.0,0.0,48.00421694,53131,52.0,0.0,0.0,35,SALT LAKE
1268,351268,189.3333333,430.5361249,2.273958406,404.8,29.3,2.5,373.0,423.8347931,13.83333333,15.5,1.5,1.0,110.8333333,49.83333333,29.83333333,182.5,0.0,0.0,0.0,19.00145981,53131,0.0,0.0,0.0,35,SALT LAKE
1269,351269,278.8333333,599.8771545,2.151382503,35.5,34.8,0.2,0.5,63.83591147,34.66666667,0.166666667,0.166666667,0.0,0.0,0.333333333,0.0,0.166666667,0.0,0.0,0.0,28.33591147,43851,0.0,0.0,0.0,35,SALT LAKE
1270,351270,200.0,429.7813131,2.148906566,42.8,0.0,0.0,42.8,63.16839334,0.0,0.0,0.0,0.0,0.0,36.5,0.0,6.333333333,0.0,0.0,0.0,20.33506001,52174,384.0,96.0,0.0,35,SALT LAKE
1271,351271,463.0,950.9619899,2.053913585,45.3,0.0,18.8,26.5,92.50420003,0.0,0.0,18.83333333,0.0,0.0,8.5,5.0,13.0,0.0,0.0,0.0,47.1708667,53048,0.0,0.0,0.0,35,SALT LAKE
1272,351272,647.0,1257.895432,1.944196958,437.3,165.7,8.3,263.3,530.0082615,20.16666667,145.5,3.5,4.833333333,68.66666667,31.5,124.8333333,38.33333333,0.0,0.0,27.00228085,65.67264735,51363,0.0,0.0,0.0,35,SALT LAKE
1273,351273,337.3333333,760.6823586,2.254987229,151.8,50.3,0.3,101.2,188.3362967,10.5,39.83333333,0.166666667,0.166666667,7.666666667,41.0,1.166666667,51.33333333,0.0,0.0,2.333333333,34.16963003,40658,477.0,0.0,0.0,35,SALT LAKE
1274,351274,837.8333333,1780.703204,2.125366864,2006.2,796.7,78.5,1131.0,2125.677272,745.6666667,51.0,16.83333333,61.66666667,354.5,46.16666667,77.66666667,652.6666667,0.0,0.0,34.33620129,85.17440451,39605,0.0,0.0,0.0,35,SALT LAKE
1275,351275,227.8333333,546.675694,2.3994544,801.5,156.3,32.8,612.3,925.8463487,85.83333333,70.5,18.66666667,14.16666667,113.6666667,14.83333333,229.8333333,254.0,0.0,0.0,100.844193,23.50215576,39605,0.0,0.0,0.0,35,SALT LAKE
1276,351276,749.5,1681.68591,2.24374371,132.5,62.0,5.5,65.0,256.3432069,24.83333333,37.16666667,5.166666667,0.333333333,9.5,30.33333333,12.16666667,13.0,0.0,0.0,47.66984321,76.17336373,61545,285.0,52.0,0.0,35,SALT LAKE
1277,351277,340.3333333,821.8160158,2.414738538,163.0,14.8,0.2,148.0,227.1751693,14.66666667,0.166666667,0.166666667,0.0,8.5,105.5,0.833333333,33.16666667,0.0,0.0,29.33863278,34.83653652,53393,701.0,0.0,0.0,35,SALT LAKE
1278,351278,417.3333333,872.5550407,2.090786839,337.0,144.8,6.3,185.8,391.5044199,144.8333333,0.0,0.166666667,6.166666667,22.16666667,152.0,0.333333333,11.33333333,0.0,0.0,12.16731907,42.33710085,84367,132.0,5.0,0.0,35,SALT LAKE
1279,351279,293.3333333,629.8461524,2.147202792,0.0,0.0,0.0,0.0,30.66941903,0.0,0.0,0.0,0.0,0.0,0.0,0.0,0.0,0.0,0.0,0.833483886,29.83593515,99351,0.0,0.0,0.0,35,SALT LAKE
1280,351280,468.6666667,1004.459587,2.143228138,294.3,90.0,6.2,198.2,385.3405384,74.16666667,15.83333333,1.5,4.666666667,19.16666667,55.33333333,39.5,84.16666667,0.0,0.0,43.33641946,47.67078561,66283,41.76923077,4.615384615,4.615384615,35,SALT LAKE
1281,351281,376.3333333,898.3850585,2.387205647,13.8,0.0,0.2,13.7,56.17020077,0.0,0.0,0.166666667,0.0,0.5,12.16666667,0.333333333,0.666666667,0.0,0.0,4.333529025,38.00333841,76120,0.0,0.0,0.0,35,SALT LAKE
1282,351282,310.3333333,674.6312703,2.173892386,82.7,2.7,0.0,80.0,115.5028944,2.166666667,0.5,0.0,0.0,2.666666667,6.333333333,47.33333333,23.66666667,0.0,0.0,1.166719353,31.66950834,45195,0.0,0.0,0.0,35,SALT LAKE
1283,351283,354.8333333,780.0904223,2.198469955,361.2,132.5,29.0,199.7,405.504066,113.0,19.5,19.33333333,9.666666667,8.833333333,19.5,21.5,149.8333333,0.0,0.0,8.334236629,36.00316271,34214,0.0,0.0,0.0,35,SALT LAKE
1284,351284,469.3333333,1104.564317,2.353475107,382.0,33.2,0.7,348.2,430.670887,0.0,33.16666667,0.5,0.166666667,7.5,183.1666667,33.5,124.0,0.0,0.0,1.0,47.67088697,67678,483.0,0.0,0.0,35,SALT LAKE
1285,351285,403.1666667,974.1961419,2.416360831,428.5,58.8,4.8,364.8,472.5035648,13.83333333,45.0,2.5,2.333333333,11.83333333,20.16666667,60.66666667,272.1666667,0.0,0.0,3.166666667,40.83689815,73373,0.0,0.0,0.0,35,SALT LAKE
1286,351286,1002.0,2480.119606,2.475169268,2218.2,1179.8,34.5,1003.8,2343.345314,931.3333333,248.5,28.33333333,6.166666667,44.83333333,444.8333333,219.5,294.6666667,0.0,0.0,23.50309383,101.6755534,68264,530.0,0.0,0.0,35,SALT LAKE
1287,351287,704.0,1682.595617,2.390050593,122.3,0.0,4.7,117.7,203.1732878,0.0,0.0,0.0,4.666666667,16.66666667,72.66666667,0.0,28.33333333,0.0,0.0,9.16708063,71.67287386,76043,453.0,0.0,0.0,35,SALT LAKE
1288,351288,833.6666667,1974.525487,2.368483191,503.5,312.2,1.3,190.0,612.507466,234.6666667,77.5,0.333333333,1.0,17.83333333,41.66666667,10.83333333,119.6666667,0.0,0.0,24.33348387,84.67398218,83226,0.0,0.0,0.0,35,SALT LAKE
1289,351289,972.6666667,2519.089577,2.58987962,902.5,12.3,25.5,864.7,1014.176318,4.166666667,8.166666667,2.833333333,22.66666667,76.33333333,477.1666667,208.8333333,102.3333333,0.0,0.0,12.66762012,99.00869744,118000,574.0,576.0,0.0,35,SALT LAKE
1290,351290,1205.166667,2371.895828,1.968106066,739.2,238.3,6.0,494.8,895.5131116,205.5,32.83333333,6.0,0.0,43.0,7.833333333,336.3333333,107.6666667,0.0,0.0,33.83558152,122.5108634,42412,0.0,0.0,0.0,35,SALT LAKE
1291,351291,695.6666667,1541.377138,2.215683475,553.8,143.2,0.5,410.2,624.5063017,40.5,102.6666667,0.5,0.0,186.5,13.16666667,31.16666667,179.3333333,0.0,0.0,0.0,70.67296838,34774,0.0,0.0,0.0,35,SALT LAKE
1292,351292,616.8333333,1355.829052,2.198047639,911.7,212.2,3.3,696.2,1032.842012,97.83333333,114.3333333,0.333333333,3.0,127.5,84.66666667,352.6666667,131.3333333,0.0,0.0,58.50323169,62.67211359,64825,591.0,0.0,0.0,35,SALT LAKE
1293,351293,1478.666667,3034.592909,2.052249487,1844.7,384.7,184.3,1275.7,2042.51975,269.5,115.1666667,2.166666667,182.1666667,114.6666667,164.3333333,571.6666667,425.0,0.0,0.0,47.50715628,150.345927,37972,0.0,0.0,0.0,35,SALT LAKE
1294,351294,454.8333333,1161.730307,2.554189021,359.3,56.5,4.0,298.8,413.5041648,21.0,35.5,0.0,4.0,25.83333333,66.16666667,34.33333333,172.5,0.0,0.0,7.666817219,46.50401424,77397,639.0,0.0,0.0,35,SALT LAKE
1295,351295,515.3333333,1198.55981,2.325795233,169.0,5.5,9.8,153.7,225.3385636,5.5,0.0,9.833333333,0.0,3.833333333,7.833333333,7.0,135.0,0.0,0.0,4.000722652,52.33784092,53255,0.0,0.0,0.0,35,SALT LAKE
1296,351296,539.6666667,1176.398145,2.179860676,601.2,161.2,13.3,426.7,660.8384819,65.66666667,95.5,13.33333333,0.0,10.66666667,163.1666667,135.0,117.8333333,0.0,0.0,4.50035378,55.17146144,42660,0.0,757.0,0.0,35,SALT LAKE
1297,351297,372.3333333,1009.49574,2.711268773,399.0,23.3,24.8,350.8,445.0036997,19.33333333,4.0,22.83333333,2.0,7.833333333,23.66666667,47.66666667,271.6666667,0.0,0.0,8.000361277,38.00333841,82138,0.0,0.0,0.0,35,SALT LAKE
1298,351298,390.1666667,873.4741146,2.238720499,196.3,80.3,3.7,112.3,270.8390301,67.83333333,12.5,0.333333333,3.333333333,2.5,12.66666667,42.16666667,55.0,0.0,0.0,34.83563414,39.67006259,81785,0.0,0.0,0.0,35,SALT LAKE
1299,351299,685.0,1765.896602,2.577951243,297.0,56.0,9.0,232.0,369.0061629,5.5,50.5,4.0,5.0,4.166666667,70.16666667,111.5,46.16666667,0.0,0.0,2.333451251,69.67271166,57264,71.0,111.0,96.0,35,SALT LAKE
1300,351300,447.6666667,1171.050008,2.615897262,58.0,0.2,0.0,57.8,103.5040074,0.0,0.166666667,0.0,0.0,0.0,10.33333333,20.16666667,27.33333333,0.0,0.0,0.0,45.50400744,47236,0.0,0.0,0.0,35,SALT LAKE
1301,351301,665.8333333,1779.806324,2.6730508,743.5,0.0,0.3,743.2,811.0058625,0.0,0.0,0.0,0.333333333,2.833333333,583.3333333,42.66666667,114.3333333,0.0,0.0,0.0,67.50586253,81870,581.0,887.0,1448.0,35,SALT LAKE
1302,351302,761.6666667,1591.974813,2.090120104,8174.8,423.5,109.5,7641.8,8282.676737,275.1666667,148.3333333,94.5,15.0,790.5,1898.666667,190.1666667,4762.5,0.0,0.0,30.50308624,77.34031762,50577,42.0,9.0,0.0,35,SALT LAKE
1303,351303,840.1666667,1679.390749,1.998878098,436.2,51.0,11.0,374.2,543.3419721,4.0,47.0,0.333333333,10.66666667,19.0,85.83333333,86.5,182.8333333,0.0,0.0,21.83455523,85.34075016,41267,5.0,0.0,0.0,35,SALT LAKE
1304,351304,369.3333333,714.0648835,1.933388674,3721.0,14.3,2.0,3704.7,3761.170417,1.0,13.33333333,0.0,2.0,91.83333333,262.6666667,3240.833333,109.3333333,0.0,0.0,2.500489303,37.66992738,53728,0.0,0.0,0.0,35,SALT LAKE
1305,351305,491.3333333,1138.968238,2.318117174,620.8,159.0,72.7,389.2,681.1720112,131.8333333,27.16666667,0.166666667,72.5,110.0,9.166666667,129.3333333,140.6666667,0.0,0.0,10.33444739,50.0042305,60083,16.0,0.0,0.0,35,SALT LAKE
1306,351306,1544.333333,2627.283832,1.70124142,947.2,269.2,23.2,654.8,1142.687146,231.5,37.66666667,0.5,22.66666667,187.8333333,14.83333333,270.1666667,182.0,0.0,0.0,38.50642618,157.0140531,38138,0.0,0.0,0.0,35,SALT LAKE
1307,351307,687.6666667,1580.512966,2.29837077,105.5,2.5,20.0,83.0,190.6734711,0.0,2.5,3.333333333,16.66666667,3.333333333,3.666666667,50.16666667,25.83333333,0.0,0.0,15.16724373,70.00622734,56587,0.0,0.0,0.0,35,SALT LAKE
1308,351308,683.1666667,1423.845251,2.084184314,623.7,106.5,4.7,512.5,731.0108033,25.33333333,81.16666667,3.333333333,1.333333333,52.33333333,13.5,288.6666667,158.0,0.0,0.0,37.83790252,69.50623412,55385,0.0,0.0,0.0,35,SALT LAKE
1309,351309,883.3333333,1823.675048,2.06453779,1154.0,193.2,3.5,957.3,1299.513856,104.3333333,88.83333333,0.166666667,3.333333333,217.6666667,23.33333333,497.3333333,219.0,0.0,0.0,55.83926254,89.67459363,37321,0.0,0.0,0.0,35,SALT LAKE
1310,351310,527.6666667,1142.015781,2.164275012,421.8,51.7,16.3,353.8,504.3416128,28.83333333,22.83333333,15.16666667,1.166666667,177.0,35.66666667,67.16666667,74.0,0.0,0.0,29.00371106,53.50456842,46137,0.0,0.0,0.0,35,SALT LAKE
1311,351311,371.8333333,993.7584447,2.672591066,689.8,58.7,367.0,264.2,728.6701632,29.66666667,29.0,357.8333333,9.166666667,17.16666667,40.0,133.6666667,73.33333333,0.0,0.0,1.000060214,37.83676967,56900,0.0,0.0,0.0,35,SALT LAKE
1312,351312,500.1666667,1109.910452,2.219081211,493.0,30.2,10.2,452.7,562.6744554,28.16666667,2.0,0.0,10.16666667,127.6666667,17.0,234.8333333,73.16666667,0.0,0.0,18.67003904,51.00441639,42651,0.0,0.0,0.0,35,SALT LAKE
1313,351313,524.1666667,1251.133826,2.386900781,102.5,0.0,13.5,89.0,173.0061477,0.0,0.0,0.166666667,13.33333333,0.0,71.5,0.0,17.5,0.0,0.0,17.16823244,53.33791527,61121,712.0,0.0,0.0,35,SALT LAKE
1314,351314,291.3333333,691.2985004,2.372878148,447.0,10.5,1.3,435.2,476.8359655,9.333333333,1.166666667,1.166666667,0.166666667,6.166666667,300.5,80.5,48.0,0.0,0.0,0.0,29.83596551,62242,12.0,0.0,1562.0,35,SALT LAKE
1315,351315,489.0,1107.009625,2.263823365,21.5,11.8,0.2,9.5,71.33771923,0.166666667,11.66666667,0.0,0.166666667,0.666666667,1.5,5.666666667,1.666666667,0.0,0.0,0.0,49.83771923,81098,0.0,0.0,0.0,35,SALT LAKE
1316,351316,196.6666667,482.3599562,2.452677743,94.8,0.0,0.2,94.7,116.0018097,0.0,0.0,0.166666667,0.0,13.66666667,6.166666667,1.666666667,73.16666667,0.0,0.0,1.166719353,20.00175706,74195,55.0,0.0,0.0,35,SALT LAKE
1317,351317,325.8333333,894.2597896,2.744531324,40.8,0.2,0.0,40.7,73.83623248,0.166666667,0.0,0.0,0.0,0.333333333,30.66666667,0.0,9.666666667,0.0,0.0,0.0,33.00289915,91718,644.0,0.0,0.0,35,SALT LAKE
1318,351318,424.8333333,999.8727494,2.35356473,107.3,7.2,2.0,98.2,150.337111,7.166666667,0.0,2.0,0.0,0.333333333,78.5,4.666666667,14.66666667,0.0,0.0,0.0,43.00377768,78341,708.0,0.0,0.0,35,SALT LAKE
1319,351319,205.5,488.4726641,2.376995932,0.0,0.0,0.0,0.0,21.00184491,0.0,0.0,0.0,0.0,0.0,0.0,0.0,0.0,0.0,0.0,0.0,21.00184491,74195,0.0,0.0,0.0,35,SALT LAKE
1320,351320,541.3333333,1311.970503,2.423590831,1145.2,167.5,1.0,976.7,1230.173192,22.83333333,144.6666667,1.0,0.0,295.1666667,102.0,253.0,326.5,0.0,0.0,30.00183157,55.00469337,75027,0.0,0.0,0.0,35,SALT LAKE
1321,351321,474.0,960.2738763,2.025894254,929.8,207.2,44.5,678.2,1008.673279,35.33333333,171.8333333,36.66666667,7.833333333,209.5,75.83333333,182.6666667,210.1666667,0.0,0.0,30.66888982,48.17105591,36863,0.0,827.0,0.0,35,SALT LAKE
1322,351322,534.6666667,1376.750472,2.574969711,366.7,105.2,8.3,253.2,430.5091405,76.83333333,28.33333333,0.0,8.333333333,90.83333333,34.33333333,66.16666667,61.83333333,0.0,0.0,9.667324033,54.17514981,55618,0.0,0.0,0.0,35,SALT LAKE
1323,351323,745.6666667,1612.12751,2.161994873,362.7,48.7,32.0,282.0,453.5072902,23.83333333,24.83333333,28.33333333,3.666666667,67.83333333,55.33333333,92.0,66.83333333,0.0,0.0,15.00085313,75.83977038,55618,0.0,0.0,0.0,35,SALT LAKE
1324,351324,476.0,1208.805356,2.53950705,449.3,29.5,38.7,381.2,497.6707857,17.16666667,12.33333333,38.66666667,0.0,159.5,53.16666667,32.5,136.0,0.0,0.0,0.0,48.33745234,82006,0.0,0.0,0.0,35,SALT LAKE
1325,351325,602.0,1570.876468,2.60942935,455.0,74.0,15.0,366.0,539.8432749,40.33333333,33.66666667,15.0,0.0,69.5,96.5,9.333333333,190.6666667,0.0,0.0,23.50459945,61.33867548,73777,0.0,0.0,0.0,35,SALT LAKE
1326,351326,309.0,748.9093428,2.423654831,30.0,16.3,0.3,13.3,62.66953132,0.0,16.33333333,0.333333333,0.0,1.333333333,0.666666667,1.5,9.833333333,0.0,0.0,1.166736916,31.5027944,71799,0.0,0.0,0.0,35,SALT LAKE
1327,351327,355.3333333,882.6444052,2.483989883,0.0,0.0,0.0,0.0,38.67019889,0.0,0.0,0.0,0.0,0.0,0.0,0.0,0.0,0.0,0.0,2.333631924,36.33656697,101247,0.0,0.0,0.0,35,SALT LAKE
1328,351328,411.5,926.8037319,2.252256943,22.5,0.0,0.5,22.0,156.5193032,0.0,0.0,0.0,0.5,7.833333333,0.5,6.0,7.666666667,0.0,0.0,92.01540398,42.00389922,56623,0.0,0.0,0.0,35,SALT LAKE
1329,351329,478.3333333,1053.676275,2.202807543,150.0,0.3,0.0,149.7,198.670914,0.166666667,0.166666667,0.0,0.0,16.83333333,46.66666667,14.5,71.66666667,0.0,0.0,0.0,48.67091401,73611,218.0,44.0,0.0,35,SALT LAKE
1330,351330,1117.5,2216.779427,1.983695236,314.5,164.2,1.3,149.0,432.1766178,127.6666667,36.5,0.333333333,1.0,31.5,21.83333333,8.666666667,87.0,0.0,0.0,4.0,113.6766178,45088,0.0,0.0,0.0,35,SALT LAKE
1331,351331,1299.5,2839.79562,2.185298669,686.5,22.7,7.3,656.5,818.6785198,1.0,21.66666667,0.333333333,7.0,19.83333333,255.0,158.8333333,222.8333333,0.0,0.0,0.0,132.1785198,62766,586.0,811.0,0.0,35,SALT LAKE
1332,351332,548.6666667,1195.963743,2.179763808,567.8,39.5,4.5,523.8,642.8396083,34.83333333,4.666666667,4.5,0.0,27.33333333,14.66666667,274.0,207.8333333,0.0,0.0,19.33465816,55.67161681,61722,9.0,2.0,7.0,35,SALT LAKE
1333,351333,201.1666667,422.4450007,2.099975148,90.5,5.0,0.0,85.5,113.0021811,3.333333333,1.666666667,0.0,0.0,8.333333333,4.5,22.33333333,50.33333333,0.0,0.0,2.167090729,20.33509041,66710,0.0,0.0,0.0,35,SALT LAKE
1334,351334,543.6666667,1446.770952,2.661136025,153.5,39.5,0.2,113.8,209.6717164,39.16666667,0.333333333,0.166666667,0.0,7.0,62.0,0.166666667,44.66666667,0.0,0.0,1.000180663,55.17153573,94109,511.0,0.0,0.0,35,SALT LAKE
1335,351335,241.6666667,535.0798638,2.214123574,810.5,131.3,22.7,656.5,840.8356808,54.0,77.33333333,16.16666667,6.5,25.83333333,110.6666667,91.83333333,428.1666667,0.0,0.0,5.666922571,24.66875826,66710,493.0,0.0,0.0,35,SALT LAKE
1336,351336,370.5,963.0381365,2.599293216,11.5,0.7,0.3,10.5,49.33669538,0.666666667,0.0,0.333333333,0.0,0.166666667,1.0,0.5,8.833333333,0.0,0.0,0.0,37.83669538,92708,0.0,0.0,0.0,35,SALT LAKE
1337,351337,346.6666667,896.5508901,2.586204491,449.2,228.7,9.2,211.3,488.5033664,128.5,100.1666667,2.166666667,7.0,13.33333333,19.5,11.5,167.0,0.0,0.0,4.000240855,35.33645887,92596,0.0,0.0,0.0,35,SALT LAKE
1338,351338,284.0,738.2095778,2.599329499,556.2,7.3,8.8,540.0,587.8364133,0.0,7.333333333,0.166666667,8.666666667,114.3333333,46.0,11.83333333,367.8333333,0.0,0.0,2.667168512,29.00257813,128151,0.0,0.0,0.0,35,SALT LAKE
1339,351339,0.0,0.0,0.0,0.0,0.0,0.0,0.0,0.0,0.0,0.0,0.0,0.0,0.0,0.0,0.0,0.0,0.0,0.0,0.0,0.0,69092,0.0,0.0,0.0,35,SALT LAKE
1340,351340,0.0,0.0,0.0,0.0,0.0,0.0,0.0,0.0,0.0,0.0,0.0,0.0,0.0,0.0,0.0,0.0,0.0,0.0,0.0,0.0,69092,0.0,0.0,0.0,35,SALT LAKE
1341,351341,0.0,0.0,0.0,0.0,0.0,0.0,0.0,7.562382875,0.0,0.0,0.0,0.0,0.0,0.0,0.0,0.0,7.562382875,0.0,0.0,0.0,69092,0.0,0.0,0.0,35,SALT LAKE
1342,351342,0.0,0.0,0.0,0.3,0.0,0.0,0.3,0.333333333,0.0,0.0,0.0,0.0,0.166666667,0.0,0.0,0.166666667,0.0,0.0,0.0,0.0,69092,0.0,0.0,0.0,35,SALT LAKE
1343,351343,0.0,0.0,0.0,0.0,0.0,0.0,0.0,0.0,0.0,0.0,0.0,0.0,0.0,0.0,0.0,0.0,0.0,0.0,0.0,0.0,69092,0.0,0.0,0.0,35,SALT LAKE
1344,351344,0.0,0.0,0.0,0.0,0.0,0.0,0.0,34.78576513,0.0,0.0,0.0,0.0,0.0,0.0,0.0,0.0,34.78576513,0.0,0.0,0.0,69092,0.0,0.0,0.0,35,SALT LAKE
1345,351345,3.0,13.75548278,4.585160926,9.0,0.0,8.0,1.0,170.4109022,0.0,0.0,2.0,6.0,0.0,1.0,0.0,0.0,15.12410125,113.614205,32.67259593,0.0,69092,0.0,0.0,0.0,35,SALT LAKE
1346,351346,0.0,0.0,0.0,0.0,0.0,0.0,0.0,17.14064809,0.0,0.0,0.0,0.0,0.0,0.0,0.0,0.0,17.14064809,0.0,0.0,0.0,69092,0.0,0.0,0.0,35,SALT LAKE
1347,351347,832.1666667,2374.881561,2.853853267,76.7,1.0,46.3,29.3,759.3316338,0.0,1.0,37.33333333,9.0,0.5,27.66666667,0.166666667,1.0,19.99768908,113.614205,464.5458999,84.50717322,69092,0.0,0.0,0.0,35,SALT LAKE
1348,351348,2.0,5.502193111,2.751096556,5.0,0.0,3.0,2.0,35.33901673,0.0,0.0,3.0,0.0,0.0,2.0,0.0,0.0,0.0,0.0,30.33901673,0.0,54494,0.0,0.0,0.0,35,SALT LAKE
1349,351349,0.0,0.0,0.0,665.7,0.5,358.0,307.2,1121.13176,0.166666667,0.333333333,354.8333333,3.166666667,2.0,289.5,0.5,15.16666667,1.008273417,454.45682,0.0,0.0,54494,0.0,0.0,0.0,35,SALT LAKE
1350,351350,275.6666667,750.2181044,2.721468335,3.5,1.8,0.2,1.5,206.2231088,0.0,1.833333333,0.166666667,0.0,0.5,0.166666667,0.0,0.833333333,4.033540483,0.0,170.5190469,28.17052136,70016,0.0,0.0,0.0,35,SALT LAKE
1351,351351,0.0,0.0,0.0,0.0,0.0,0.0,0.0,0.0,0.0,0.0,0.0,0.0,0.0,0.0,0.0,0.0,0.0,0.0,0.0,0.0,69092,0.0,0.0,0.0,35,SALT LAKE
1352,351352,0.0,0.0,0.0,0.0,0.0,0.0,0.0,150.3650353,0.0,0.0,0.0,0.0,0.0,0.0,0.0,0.0,2.016546834,0.0,148.3484884,0.0,69092,0.0,0.0,0.0,35,SALT LAKE
1353,351353,0.0,0.0,0.0,0.0,0.0,0.0,0.0,7.057913918,0.0,0.0,0.0,0.0,0.0,0.0,0.0,0.0,7.057913918,0.0,0.0,0.0,69092,0.0,0.0,0.0,35,SALT LAKE
1354,351354,611.3333333,1731.979147,2.83311747,272.2,22.7,18.0,231.5,947.6723839,2.0,20.66666667,17.16666667,0.833333333,112.0,57.66666667,30.5,31.33333333,1.008273417,113.614205,498.7121622,62.17107662,69092,0.0,0.0,0.0,35,SALT LAKE
1355,351355,840.5,2706.634409,3.220266995,496.0,16.2,24.8,455.0,850.1338978,0.833333333,15.33333333,23.5,1.333333333,187.8333333,107.0,59.66666667,100.5,0.0,113.614205,155.0119383,85.50775454,69092,0.0,0.0,0.0,35,SALT LAKE
1356,351356,896.1666667,2874.830297,3.207919246,75.2,1.8,2.3,71.0,408.6335581,0.5,1.333333333,2.0,0.333333333,19.0,9.5,15.0,27.5,0.504696901,113.614205,128.1744494,91.17354013,73930,0.0,0.0,0.0,35,SALT LAKE
1357,351357,1400.333333,4226.431768,3.018161224,462.2,4.7,32.3,425.2,674.3472198,0.666666667,4.0,6.166666667,26.16666667,51.5,270.3333333,34.66666667,68.66666667,0.0,0.0,69.83460282,142.3459503,65392,839.0,1574.0,0.0,35,SALT LAKE
1358,351358,869.1666667,2738.52257,3.150745047,277.0,1.5,20.8,254.7,486.1966896,0.5,1.0,0.5,20.33333333,4.333333333,114.5,0.666666667,135.1666667,0.0,0.0,120.856983,88.33970662,65392,939.0,0.0,0.0,35,SALT LAKE
1359,351359,0.0,0.0,0.0,141.3,1.8,2.7,136.8,188.9904635,0.0,1.833333333,2.333333333,0.333333333,5.166666667,88.16666667,0.0,43.5,18.31805564,0.0,29.33907449,0.0,62821,0.0,0.0,0.0,35,SALT LAKE
1360,351360,233.5,663.0498845,2.839614067,293.5,0.8,3.0,289.7,627.7396716,0.0,0.833333333,2.333333333,0.666666667,27.66666667,144.5,0.666666667,116.8333333,45.71351226,0.0,264.6907042,23.83545523,69092,0.0,0.0,0.0,35,SALT LAKE
1361,351361,8.5,23.84235932,2.804983449,1168.5,4.3,16.3,1147.8,1364.035257,0.333333333,4.0,8.833333333,7.5,80.16666667,503.6666667,0.833333333,563.1666667,30.58466909,113.614205,50.5029756,0.833407653,62821,0.0,0.0,0.0,35,SALT LAKE
1362,351362,200.3333333,573.9554995,2.865002493,0.0,0.0,0.0,0.0,171.5193075,0.0,0.0,0.0,0.0,0.0,0.0,0.0,0.0,0.0,0.0,151.0170473,20.50226021,65392,0.0,0.0,0.0,35,SALT LAKE
1363,351363,816.8333333,2234.935987,2.736097924,33.2,0.5,3.7,29.0,927.7190245,0.0,0.5,3.5,0.166666667,2.833333333,10.5,2.833333333,12.83333333,19.82990922,0.0,791.5482206,83.17422803,65392,0.0,0.0,0.0,35,SALT LAKE
1364,351364,211.6666667,719.5677819,3.399532828,0.5,0.0,0.0,0.5,74.34072591,0.0,0.0,0.0,0.0,0.166666667,0.0,0.333333333,0.0,0.0,0.0,52.50548011,21.33524579,65392,0.0,0.0,0.0,35,SALT LAKE
1365,351365,0.0,0.0,0.0,0.2,0.0,0.0,0.2,0.166666667,0.0,0.0,0.0,0.0,0.0,0.0,0.0,0.166666667,0.0,0.0,0.0,0.0,62821,0.0,0.0,0.0,35,SALT LAKE
1366,351366,309.1666667,784.3692561,2.537043416,111.0,1.7,5.7,103.7,212.7310816,1.333333333,0.333333333,1.0,4.666666667,5.166666667,26.33333333,0.666666667,71.5,7.057913918,0.0,63.33711425,31.33605341,62821,0.0,0.0,0.0,35,SALT LAKE
1367,351367,0.0,0.0,0.0,1.3,0.0,0.3,1.0,1.333333333,0.0,0.0,0.0,0.333333333,0.166666667,0.166666667,0.0,0.666666667,0.0,0.0,0.0,0.0,62821,0.0,0.0,0.0,35,SALT LAKE
1368,351368,0.0,0.0,0.0,391.0,1.3,81.7,308.0,479.195121,0.166666667,1.166666667,0.833333333,80.83333333,32.0,144.1666667,0.5,131.3333333,23.19028859,0.0,65.00483242,0.0,62821,0.0,0.0,0.0,35,SALT LAKE
1369,351369,0.0,0.0,0.0,389.3,0.8,195.8,192.7,421.672995,0.0,0.833333333,1.5,194.3333333,8.833333333,141.3333333,0.0,42.5,0.0,0.0,32.33966165,0.0,62821,0.0,0.0,0.0,35,SALT LAKE
1370,351370,0.0,0.0,0.0,0.0,0.0,0.0,0.0,0.0,0.0,0.0,0.0,0.0,0.0,0.0,0.0,0.0,0.0,0.0,0.0,0.0,62821,0.0,0.0,0.0,35,SALT LAKE
1371,351371,0.0,0.0,0.0,0.0,0.0,0.0,0.0,0.0,0.0,0.0,0.0,0.0,0.0,0.0,0.0,0.0,0.0,0.0,0.0,0.0,62821,0.0,0.0,0.0,35,SALT LAKE
1372,351372,0.0,0.0,0.0,0.0,0.0,0.0,0.0,0.0,0.0,0.0,0.0,0.0,0.0,0.0,0.0,0.0,0.0,0.0,0.0,0.0,62821,0.0,0.0,0.0,35,SALT LAKE
1373,351373,337.3333333,879.433145,2.607015252,3042.2,61.3,1412.7,1568.2,3244.421596,58.0,3.333333333,561.5,851.1666667,86.33333333,962.3333333,2.333333333,517.1666667,29.74439805,0.0,138.5075443,34.002987,48032,0.0,0.0,0.0,35,SALT LAKE
1374,351374,0.0,0.0,0.0,2151.2,5.0,1033.5,1112.7,2181.50137,1.666666667,3.333333333,876.1666667,157.3333333,384.3333333,280.8333333,231.8333333,215.6666667,0.0,0.0,30.33470318,0.0,48032,0.0,0.0,0.0,35,SALT LAKE
1375,351375,30.0,86.36060111,2.878686704,2021.5,4.5,821.0,1196.0,2149.842496,0.333333333,4.166666667,293.6666667,527.3333333,203.0,897.3333333,3.833333333,91.83333333,0.0,0.0,125.341912,3.000584432,88520,0.0,0.0,0.0,35,SALT LAKE
1376,351376,381.6666667,998.0249757,2.6149126,0.0,0.0,0.0,0.0,38.83740799,0.0,0.0,0.0,0.0,0.0,0.0,0.0,0.0,0.0,0.0,0.0,38.83740799,88520,0.0,0.0,0.0,35,SALT LAKE
1377,351377,263.8333333,727.7675925,2.758436864,16.7,0.2,6.3,10.2,138.6806143,0.0,0.166666667,5.166666667,1.166666667,0.333333333,9.833333333,0.0,0.0,0.169134141,0.0,95.17498429,26.66982919,88520,0.0,0.0,0.0,35,SALT LAKE
1378,351378,33.83333333,87.74353115,2.593404861,2057.0,82.5,513.0,1461.5,2204.862506,1.833333333,80.66666667,426.1666667,86.83333333,709.5,459.6666667,167.8333333,124.5,2.520351293,0.0,141.841776,3.500378383,88520,0.0,0.0,0.0,35,SALT LAKE
1379,351379,402.3333333,1081.503153,2.68807743,0.0,0.0,0.0,0.0,353.0135412,0.0,0.0,0.0,0.0,0.0,0.0,0.0,0.0,0.0,0.0,312.0096893,41.00385183,88520,0.0,0.0,0.0,35,SALT LAKE
1380,351380,342.1666667,931.4170667,2.722115149,0.0,0.0,0.0,0.0,267.2298726,0.0,0.0,0.0,0.0,0.0,0.0,0.0,0.0,3.527259569,0.0,229.2005882,34.50202475,88520,0.0,0.0,0.0,35,SALT LAKE
1381,351381,271.6666667,738.1612047,2.717157809,53.3,1.2,6.7,45.5,215.9401467,0.0,1.166666667,2.166666667,4.5,16.66666667,13.16666667,9.666666667,6.0,10.41762217,0.0,124.6862109,27.50298022,88520,0.0,0.0,0.0,35,SALT LAKE
1382,351382,310.8333333,861.20802,2.770642424,32.8,3.5,2.0,27.3,219.453996,0.166666667,3.333333333,2.0,0.0,7.333333333,7.5,5.833333333,6.666666667,11.60472263,0.0,143.5114162,31.50452387,88520,0.0,0.0,0.0,35,SALT LAKE
1383,351383,153.1666667,422.3110393,2.757199386,20.3,1.3,0.0,19.0,138.0476955,0.166666667,1.166666667,0.0,0.0,5.666666667,5.5,5.0,2.833333333,3.86418747,0.0,98.18229158,15.66788314,88520,0.0,0.0,0.0,35,SALT LAKE
1384,351384,218.3333333,605.6766073,2.774091331,733.2,20.8,6.0,706.3,1048.435284,1.0,19.83333333,5.166666667,0.833333333,293.1666667,64.66666667,238.1666667,110.3333333,10.41761852,0.0,282.8484382,22.00256095,88520,0.0,0.0,0.0,35,SALT LAKE
1385,351385,282.0,756.1340726,2.681326499,0.0,0.0,0.0,0.0,162.0924569,0.0,0.0,0.0,0.0,0.0,0.0,0.0,0.0,10.5849384,0.0,122.8386924,28.66882611,88520,0.0,0.0,0.0,35,SALT LAKE
1386,351386,377.8333333,1310.284395,3.467889885,0.0,0.0,0.0,0.0,40.50376249,0.0,0.0,0.0,0.0,0.0,0.0,0.0,0.0,0.0,0.0,2.167090729,38.33667176,88520,0.0,0.0,0.0,35,SALT LAKE
1387,351387,29.5,88.95151405,3.015305561,64.5,1.3,1.2,62.0,108.7075006,0.0,1.333333333,1.0,0.166666667,27.16666667,3.666666667,21.16666667,10.0,4.702870859,0.0,36.67109034,2.833539441,88520,0.0,0.0,0.0,35,SALT LAKE
1388,351388,0.0,0.0,0.0,0.0,0.0,0.0,0.0,0.0,0.0,0.0,0.0,0.0,0.0,0.0,0.0,0.0,0.0,0.0,0.0,0.0,62821,0.0,0.0,0.0,35,SALT LAKE
1389,351389,0.0,0.0,0.0,0.0,0.0,0.0,0.0,0.0,0.0,0.0,0.0,0.0,0.0,0.0,0.0,0.0,0.0,0.0,0.0,0.0,62821,0.0,0.0,0.0,35,SALT LAKE
1390,351390,0.0,0.0,0.0,0.0,0.0,0.0,0.0,0.0,0.0,0.0,0.0,0.0,0.0,0.0,0.0,0.0,0.0,0.0,0.0,0.0,62821,0.0,0.0,0.0,35,SALT LAKE
1391,351391,3.5,9.476291202,2.707511772,0.0,0.0,0.0,0.0,39.72671063,0.0,0.0,0.0,0.0,0.0,0.0,0.0,0.0,7.057913918,0.0,32.16872914,0.50006758,74142,0.0,0.0,0.0,35,SALT LAKE
1392,351392,0.0,0.0,0.0,0.0,0.0,0.0,0.0,8.066187335,0.0,0.0,0.0,0.0,0.0,0.0,0.0,0.0,8.066187335,0.0,0.0,0.0,62821,0.0,0.0,0.0,35,SALT LAKE
1393,351393,4.5,13.59803601,3.02178578,0.0,0.0,0.0,0.0,11.42165227,0.0,0.0,0.0,0.0,0.0,0.0,0.0,0.0,10.9216455,0.0,0.0,0.50000677,74142,0.0,0.0,0.0,35,SALT LAKE
1394,351394,88.33333333,247.7581233,2.804808943,0.0,0.0,0.0,0.0,165.5105177,0.0,0.0,0.0,0.0,0.0,0.0,0.0,0.0,0.0,0.0,156.5100816,9.000436119,74142,0.0,0.0,0.0,35,SALT LAKE
1395,351395,228.5,669.4760117,2.929873137,0.0,0.0,0.0,0.0,564.2319474,0.0,0.0,0.0,0.0,0.0,0.0,0.0,0.0,0.840940971,0.0,540.0563178,23.33468863,74142,0.0,0.0,0.0,35,SALT LAKE
1396,351396,404.5,1154.850066,2.855006342,0.0,0.0,0.0,0.0,249.1540352,0.0,0.0,0.0,0.0,0.0,0.0,0.0,0.0,14.79034383,0.0,193.193254,41.17043744,55559,0.0,0.0,0.0,35,SALT LAKE
1397,351397,367.5,1008.74827,2.744893251,481.3,0.0,0.2,481.2,617.0131174,0.0,0.0,0.0,0.166666667,0.166666667,452.8333333,0.0,28.16666667,0.0,0.0,98.17576002,37.50402404,55559,0.0,1278.0,2624.0,35,SALT LAKE
1398,351398,1563.333333,4240.029125,2.712172148,153.7,32.7,1.5,119.5,752.0315245,0.166666667,32.5,1.0,0.5,7.5,7.0,91.5,13.5,19.32250434,0.0,420.1936365,158.8487171,55559,0.0,0.0,0.0,35,SALT LAKE
1399,351399,0.0,0.0,0.0,0.0,0.0,0.0,0.0,0.0,0.0,0.0,0.0,0.0,0.0,0.0,0.0,0.0,0.0,0.0,0.0,0.0,62821,0.0,0.0,0.0,35,SALT LAKE
1400,351400,0.0,0.0,0.0,178.8,1.8,1.0,176.0,1890.549233,0.5,1.333333333,0.333333333,0.666666667,4.833333333,27.5,0.333333333,143.3333333,0.0,1711.7159,0.0,0.0,62821,0.0,0.0,0.0,35,SALT LAKE
1401,351401,267.6666667,901.6026669,3.368378581,1396.8,32.2,13.0,1351.7,1654.85967,0.833333333,31.33333333,11.16666667,1.833333333,19.0,350.5,955.1666667,27.0,0.0,0.0,230.6900743,27.33626257,74142,0.0,0.0,0.0,35,SALT LAKE
1402,351402,249.1666667,723.2814872,2.902801955,0.0,0.0,0.0,0.0,521.8076633,0.0,0.0,0.0,0.0,0.0,0.0,0.0,0.0,33.77774308,0.0,462.6939549,25.33596528,74142,0.0,0.0,0.0,35,SALT LAKE
1403,351403,623.3333333,1820.445933,2.920501498,0.0,0.0,0.0,0.0,892.9609449,0.0,0.0,0.0,0.0,0.0,0.0,0.0,0.0,28.06005534,0.0,801.3962566,63.50463296,74142,0.0,0.0,0.0,35,SALT LAKE
1404,351404,1344.0,4399.001601,3.273066667,350.7,4.2,25.2,321.3,891.9270802,0.333333333,3.833333333,2.166666667,23.0,6.833333333,146.5,133.8333333,34.16666667,7.223441617,0.0,397.1910826,136.8458893,74142,901.0,0.0,0.0,35,SALT LAKE
1405,351405,746.0,2352.797183,3.153883624,1069.3,24.7,18.3,1026.3,1181.341645,0.333333333,24.33333333,6.166666667,12.16666667,18.16666667,202.5,608.3333333,197.3333333,0.0,0.0,36.16838544,75.83992572,84601,0.0,0.0,0.0,35,SALT LAKE
1406,351406,311.8333333,992.6811583,3.183370898,38.7,0.5,3.5,34.7,120.3573854,0.166666667,0.333333333,0.5,3.0,1.666666667,2.666666667,29.83333333,0.5,2.018353363,0.0,47.83607559,31.83628976,56989,0.0,0.0,0.0,35,SALT LAKE
1407,351407,276.8333333,829.5962612,2.996735441,209.7,0.2,1.8,207.7,266.3477985,0.0,0.166666667,1.666666667,0.166666667,6.333333333,165.8333333,31.33333333,4.166666667,1.343385124,0.0,27.16890727,28.16883946,55559,0.0,0.0,0.0,35,SALT LAKE
1408,351408,410.6666667,1301.271916,3.168681614,227.5,20.7,1.5,205.3,371.3452813,3.333333333,17.33333333,1.5,0.0,19.83333333,116.6666667,35.33333333,33.5,0.0,0.0,102.0079035,41.83737774,55559,1067.0,0.0,0.0,35,SALT LAKE
1409,351409,131.5,402.5833099,3.061470037,147.8,0.5,17.3,130.0,207.0075917,0.0,0.5,0.0,17.33333333,0.166666667,100.5,20.33333333,9.0,0.671132071,0.0,45.1687015,13.33442478,73557,876.0,0.0,0.0,35,SALT LAKE
1410,351410,175.3333333,569.785048,3.249724608,428.7,136.7,3.2,288.8,458.0033596,40.16666667,96.5,0.166666667,3.0,53.33333333,45.16666667,103.8333333,86.5,0.0,0.0,11.33510482,18.00158807,73557,0.0,0.0,0.0,35,SALT LAKE
1411,351411,2087.833333,6043.854004,2.89479716,4471.8,1701.7,36.8,2733.3,4915.19279,517.0,1184.666667,29.33333333,7.5,145.1666667,351.1666667,1495.833333,741.1666667,0.0,0.0,231.0105783,212.3488784,73557,0.0,0.0,0.0,35,SALT LAKE
1412,351412,989.3333333,3378.513122,3.414939139,433.8,64.3,0.0,369.5,557.3437722,40.16666667,24.16666667,0.0,0.0,3.166666667,160.0,154.5,51.83333333,0.0,0.0,22.83462546,100.6758134,74905,1015.0,1530.0,0.0,35,SALT LAKE
1413,351413,2015.666667,7076.129105,3.510565126,534.0,156.8,13.3,363.8,739.0181112,35.0,121.8333333,1.666666667,11.66666667,8.666666667,144.6666667,84.83333333,125.6666667,0.0,0.0,0.0,205.0181112,76808,2265.0,477.0,477.0,35,SALT LAKE
1414,351414,773.6666667,2681.551799,3.466029899,348.0,90.3,18.3,239.3,474.1761246,19.0,71.33333333,2.666666667,15.66666667,7.833333333,72.0,126.1666667,33.33333333,0.0,0.0,47.50274725,78.67337735,85557,0.0,0.0,0.0,35,SALT LAKE
1415,351415,1351.833333,4488.879702,3.320586637,239.2,0.5,10.7,228.0,390.6798484,0.0,0.5,0.333333333,10.33333333,0.666666667,111.0,7.833333333,108.5,0.0,0.0,14.00132481,137.5118569,85457,0.0,0.0,0.0,35,SALT LAKE
1416,351416,864.5,2649.530207,3.06481227,254.7,0.0,0.2,254.5,568.6952824,0.0,0.0,0.0,0.166666667,0.166666667,188.1666667,63.33333333,2.833333333,0.0,0.0,226.0211955,88.00742023,85557,0.0,0.0,0.0,35,SALT LAKE
1417,351417,95.33333333,300.3262622,3.150275478,199.5,51.7,3.0,144.8,343.0161441,0.166666667,51.5,2.5,0.5,2.833333333,37.33333333,98.83333333,5.833333333,0.0,0.0,134.0152859,9.500858257,80134,0.0,0.0,0.0,35,SALT LAKE
1418,351418,75.16666667,209.0913148,2.781702636,939.7,59.5,10.8,869.3,1068.180204,0.666666667,58.83333333,5.5,5.333333333,11.5,291.5,377.1666667,189.1666667,0.0,0.0,120.6797142,7.833823354,85557,0.0,0.0,0.0,35,SALT LAKE
1419,351419,154.3333333,444.304394,2.878862164,72.8,3.8,1.5,67.5,137.1720042,0.0,3.833333333,1.333333333,0.166666667,2.166666667,20.83333333,42.16666667,2.333333333,0.0,0.0,48.67050062,15.66817022,85557,0.0,0.0,0.0,35,SALT LAKE
1420,351420,1616.833333,5490.270525,3.395693552,35.0,0.0,0.5,34.5,199.5137827,0.0,0.0,0.5,0.0,10.0,4.333333333,4.833333333,15.33333333,0.0,0.0,0.0,164.5137827,70915,835.0,0.0,0.0,35,SALT LAKE
1421,351421,893.6666667,2872.41409,3.214189582,1325.5,642.8,9.3,673.3,1598.348081,563.8333333,79.0,9.166666667,0.166666667,151.3333333,318.8333333,19.0,184.1666667,0.0,0.0,182.0068844,90.84119619,80746,0.0,0.0,0.0,35,SALT LAKE
1422,351422,1244.333333,4317.092036,3.469401583,356.8,78.2,27.0,251.7,483.1775402,50.83333333,27.33333333,26.83333333,0.166666667,11.5,61.83333333,5.0,173.3333333,0.0,0.0,0.0,126.3442069,57567,535.0,0.0,0.0,35,SALT LAKE
1423,351423,1679.333333,5628.438283,3.351590879,130.0,38.5,20.5,71.0,301.8485452,2.0,36.5,0.166666667,20.33333333,2.5,21.33333333,19.83333333,27.33333333,0.0,0.0,1.000195721,170.8483494,63315,0.0,0.0,0.0,35,SALT LAKE
1424,351424,592.3333333,1674.641761,2.82719487,214.7,63.7,0.2,150.8,469.2812596,60.33333333,3.333333333,0.166666667,0.0,0.5,135.3333333,1.833333333,13.16666667,11.2601363,0.0,183.0154839,60.33897267,74099,803.0,0.0,0.0,35,SALT LAKE
1425,351425,427.0,1314.909078,3.07941236,1248.2,949.0,1.3,297.8,1467.745418,825.6666667,123.3333333,1.333333333,0.0,9.166666667,180.3333333,9.166666667,99.16666667,7.895252688,0.0,168.3470255,43.33647262,74099,0.0,0.0,0.0,35,SALT LAKE
1426,351426,509.8333333,1890.910818,3.708880323,225.0,77.8,8.5,138.7,331.6734648,75.33333333,2.5,0.333333333,8.166666667,6.666666667,120.8333333,0.5,10.66666667,0.0,0.0,54.83580959,51.83765518,74099,749.0,0.0,0.0,35,SALT LAKE
1427,351427,691.8333333,2649.152711,3.829177612,0.2,0.0,0.0,0.2,70.33948979,0.0,0.0,0.0,0.0,0.166666667,0.0,0.0,0.0,0.0,0.0,0.0,70.17282313,74099,0.0,0.0,0.0,35,SALT LAKE
1428,351428,495.0,1128.253053,2.279299097,68.7,18.7,15.5,34.5,123.6713403,18.33333333,0.333333333,6.0,9.5,6.5,12.33333333,0.5,15.16666667,0.0,0.0,4.666947664,50.337726,58248,0.0,0.0,0.0,35,SALT LAKE
1429,351429,0.0,0.0,0.0,881.5,150.7,205.7,525.2,924.5021852,68.83333333,81.83333333,126.1666667,79.5,47.5,95.83333333,10.33333333,371.5,0.0,0.0,43.00218524,0.0,58248,358.0,153.0,0.0,35,SALT LAKE
1430,351430,1899.333333,4813.813672,2.534475433,1268.8,41.7,3.0,1224.2,1492.351837,34.16666667,7.5,2.666666667,0.333333333,496.5,51.83333333,15.16666667,660.6666667,0.0,0.0,30.16802898,193.3504747,52259,0.0,0.0,0.0,35,SALT LAKE
1431,351431,816.5,2746.508287,3.363757853,203.2,77.5,1.5,124.2,291.0080153,77.0,0.5,1.333333333,0.166666667,1.833333333,17.0,2.0,103.3333333,0.0,0.0,4.834239164,83.00710943,44056,0.0,0.0,0.0,35,SALT LAKE
1432,351432,666.1666667,1744.716135,2.619038481,5373.3,3162.5,1.2,2209.7,6068.055071,2080.5,1082.0,1.0,0.166666667,853.3333333,526.8333333,372.0,457.5,0.0,0.0,626.8778711,67.84386663,64702,0.0,0.0,0.0,35,SALT LAKE
1433,351433,1216.833333,3404.325554,2.797692552,313.3,33.8,0.3,279.2,473.8509213,33.0,0.833333333,0.166666667,0.166666667,1.0,51.5,216.1666667,10.5,0.0,0.0,37.00673473,123.5108532,57904,638.0,0.0,0.0,35,SALT LAKE
1434,351434,827.0,2435.477196,2.944954287,66.0,0.2,0.2,65.7,188.6755063,0.0,0.166666667,0.166666667,0.0,0.5,2.333333333,19.83333333,43.0,0.0,0.0,38.66805911,84.0074472,83582,0.0,0.0,0.0,35,SALT LAKE
1435,351435,932.6666667,2661.988573,2.854169307,41.2,0.2,0.2,40.8,153.3449415,0.166666667,0.0,0.0,0.166666667,0.0,1.333333333,22.66666667,16.83333333,0.0,0.0,17.33667313,94.8416017,78710,0.0,0.0,0.0,35,SALT LAKE
1436,351436,710.6666667,2375.418261,3.342521005,511.3,54.2,4.3,452.8,633.3430372,38.16666667,16.0,0.166666667,4.166666667,1.833333333,118.8333333,258.8333333,73.33333333,0.0,0.0,49.66990329,72.33980063,66241,755.0,0.0,0.0,35,SALT LAKE
1437,351437,687.0,2086.711149,3.037425254,279.8,81.8,3.2,194.8,358.6735837,45.66666667,36.16666667,3.166666667,0.0,1.333333333,99.0,17.0,77.5,0.0,0.0,8.834063508,70.00618683,65438,570.0,0.0,0.0,35,SALT LAKE
1438,351438,803.8333333,2448.169588,3.045618397,258.2,93.8,0.8,163.5,360.0080596,92.33333333,1.5,0.5,0.333333333,2.0,75.33333333,47.0,39.16666667,0.0,0.0,20.0009333,81.84045961,71630,485.0,0.0,0.0,35,SALT LAKE
1439,351439,504.1666667,1499.508896,2.974232521,2194.3,440.3,36.5,1717.5,2272.68595,305.0,135.3333333,8.833333333,27.66666667,681.0,77.5,208.5,750.5,1.678050608,0.0,25.5035003,51.17106608,60210,0.0,0.0,0.0,35,SALT LAKE
1440,351440,1051.5,3101.098349,2.949213837,1177.0,232.2,7.2,937.7,1433.687289,109.6666667,122.5,0.5,6.666666667,40.0,235.3333333,83.0,579.3333333,0.0,0.0,149.8452243,106.8420649,48918,328.0,885.0,0.0,35,SALT LAKE
1441,351441,1268.666667,2827.054437,2.228366608,1614.3,44.0,22.8,1547.5,1759.012591,36.16666667,7.833333333,0.666666667,22.16666667,109.3333333,27.0,720.1666667,691.0,0.0,0.0,15.50112657,129.1781314,48706,0.0,0.0,0.0,35,SALT LAKE
1442,351442,538.3333333,1471.220926,2.732918129,0.0,0.0,0.0,0.0,56.33833664,0.0,0.0,0.0,0.0,0.0,0.0,0.0,0.0,0.0,0.0,1.500090321,54.83824632,65461,0.0,0.0,0.0,35,SALT LAKE
1443,351443,376.6666667,957.8296166,2.542910487,96.5,22.0,10.5,64.0,135.6709204,4.833333333,17.16666667,4.5,6.0,20.66666667,3.333333333,39.83333333,0.166666667,0.0,0.0,1.0,38.17092039,52942,0.0,0.0,0.0,35,SALT LAKE
1444,351444,1106.0,3169.728546,2.865939011,977.8,360.3,22.0,595.5,1257.522087,270.8333333,89.5,3.833333333,18.16666667,72.16666667,99.16666667,145.0,279.1666667,0.0,0.0,167.1786474,112.5101063,59282,665.0,0.0,0.0,35,SALT LAKE
1445,351445,575.3333333,1518.604885,2.639521816,475.5,271.8,3.2,200.5,578.0095588,134.5,137.3333333,2.166666667,1.0,58.16666667,67.33333333,10.66666667,64.33333333,0.0,0.0,44.00372357,58.50583522,52942,0.0,0.0,0.0,35,SALT LAKE
1446,351446,7.5,11.47466203,1.529954937,0.0,0.0,0.0,0.0,1.000087853,0.0,0.0,0.0,0.0,0.0,0.0,0.0,0.0,0.0,0.0,0.0,1.000087853,40339,0.0,0.0,0.0,35,SALT LAKE
1447,351447,234.6666667,475.1505767,2.024789389,21.7,0.0,0.0,21.7,45.50196662,0.0,0.0,0.0,0.0,2.666666667,18.5,0.166666667,0.333333333,0.0,0.0,0.0,23.83529995,40339,0.0,0.0,0.0,35,SALT LAKE
1448,351448,252.8333333,613.0348504,2.424659923,7.7,0.0,0.0,7.7,42.50401305,0.0,0.0,0.0,0.0,4.166666667,0.833333333,2.5,0.166666667,0.0,0.0,8.835062204,26.00228418,40339,0.0,0.0,0.0,35,SALT LAKE
1449,351449,990.8333333,2578.387968,2.602241852,923.8,264.2,12.3,647.3,1191.024397,222.6666667,41.5,0.833333333,11.5,445.0,17.16666667,5.166666667,180.0,0.0,0.0,166.6818295,100.5092345,47259,0.0,0.0,0.0,35,SALT LAKE
1450,351450,152.5,393.0651408,2.577476333,5454.0,1906.2,532.8,3015.0,5521.007277,1773.333333,132.8333333,10.33333333,522.5,2112.333333,167.0,15.83333333,719.8333333,0.0,0.0,51.33979197,15.66748484,47259,0.0,0.0,0.0,35,SALT LAKE
1451,351451,1750.0,4212.515678,2.407151816,323.8,125.8,50.7,147.3,629.6851901,123.3333333,2.5,28.16666667,22.5,32.66666667,6.666666667,4.5,103.5,0.0,0.0,128.0034225,177.8484343,47259,0.0,0.0,0.0,35,SALT LAKE
1452,351452,923.3333333,2605.863212,2.822234526,971.5,36.0,102.8,832.7,1755.528565,18.33333333,17.66666667,40.16666667,62.66666667,317.8333333,204.1666667,18.33333333,292.3333333,0.0,0.0,690.3571223,93.67144239,32063,0.0,0.0,0.0,35,SALT LAKE
1453,351453,117.3333333,298.6571463,2.545373406,612.7,135.5,130.0,347.2,802.8606865,125.8333333,9.666666667,20.16666667,109.8333333,150.0,106.3333333,1.0,89.83333333,0.0,0.0,178.1923205,12.00169924,47259,0.0,0.0,0.0,35,SALT LAKE
1454,351454,338.5,760.6958513,2.2472551,975.0,291.7,170.0,513.3,1103.846813,272.5,19.16666667,74.16666667,95.83333333,57.66666667,56.66666667,5.0,394.0,0.0,0.0,94.17701703,34.66979557,47259,0.0,0.0,0.0,35,SALT LAKE
1455,351455,368.0,1135.120951,3.084567801,289.5,176.8,0.7,112.0,426.8656688,156.8333333,20.0,0.333333333,0.333333333,4.166666667,72.16666667,2.5,33.16666667,2.016546834,0.0,98.01299749,37.3361245,65392,559.0,240.0,0.0,35,SALT LAKE
1456,351456,1531.166667,4639.091209,3.029775471,506.7,94.2,9.0,403.5,836.1910614,77.33333333,16.83333333,7.833333333,1.166666667,27.16666667,238.3333333,21.33333333,116.6666667,0.0,0.0,173.6774712,155.8469235,76005,842.0,1174.0,0.0,35,SALT LAKE
1457,351457,1155.333333,4004.528771,3.466124153,623.7,77.5,1.0,545.2,741.1768881,0.5,77.0,0.333333333,0.666666667,11.33333333,397.3333333,6.5,130.0,0.0,0.0,0.0,117.5102214,68658,1379.0,0.0,2708.0,35,SALT LAKE
1458,351458,782.0,3000.067895,3.836403957,0.2,0.0,0.0,0.2,80.6820291,0.0,0.0,0.0,0.0,0.0,0.166666667,0.0,0.0,1.008273417,0.0,0.0,79.50708902,80659,0.0,0.0,0.0,35,SALT LAKE
1459,351459,182.1666667,497.29302,2.729879341,2487.2,429.5,608.7,1449.0,2529.215209,236.3333333,193.1666667,393.1666667,215.5,149.0,596.3333333,3.833333333,699.8333333,6.046697371,0.0,17.33429926,18.6675455,61390,0.0,0.0,0.0,35,SALT LAKE
1460,351460,1154.0,3230.243144,2.799170835,318.3,74.2,3.0,241.2,502.6816649,58.33333333,15.83333333,0.0,3.0,12.83333333,7.333333333,207.5,13.5,0.0,0.0,67.00474984,117.3435817,45264,0.0,0.0,0.0,35,SALT LAKE
1461,351461,378.3333333,1228.685926,3.247627997,25.2,12.7,0.0,12.5,88.35525576,8.833333333,3.833333333,0.0,0.0,1.833333333,0.166666667,5.833333333,4.666666667,2.016323128,0.0,22.66864382,38.50362214,53531,0.0,0.0,0.0,35,SALT LAKE
1462,351462,156.1666667,545.0221801,3.490003288,375.3,4.0,219.0,152.3,391.1680352,3.333333333,0.666666667,0.0,219.0,4.333333333,10.16666667,104.5,33.33333333,0.0,0.0,0.0,15.83470183,58150,0.0,0.0,0.0,35,SALT LAKE
1463,351463,1293.166667,3610.206178,2.791756292,539.2,83.2,102.7,353.3,687.1793905,43.0,40.16666667,89.33333333,13.33333333,18.83333333,197.3333333,47.16666667,90.0,0.0,0.0,16.50095841,131.5117655,45074,1244.0,0.0,0.0,35,SALT LAKE
1464,351464,675.6666667,2064.543486,3.0555651,724.3,248.3,4.3,471.7,828.8410783,207.8333333,40.5,1.166666667,3.166666667,11.83333333,409.3333333,26.0,24.5,0.0,0.0,36.00162575,68.50611925,52362,0.0,840.0,1712.0,35,SALT LAKE
1465,351465,17.33333333,47.83247287,2.759565742,2567.7,47.5,0.3,2519.8,2569.333252,45.5,2.0,0.333333333,0.0,112.1666667,25.33333333,1933.666667,448.6666667,0.0,0.0,0.0,1.666585677,58150,0.0,0.0,0.0,35,SALT LAKE
1466,351466,385.5,1029.196382,2.669770123,573.3,95.3,11.5,466.5,761.3633746,92.66666667,2.666666667,11.0,0.5,288.1666667,69.83333333,13.16666667,95.33333333,0.0,0.0,148.6914952,39.33854611,50686,0.0,0.0,407.0,35,SALT LAKE
1467,351467,414.1666667,1041.288651,2.51417783,803.0,97.2,322.8,383.0,845.1698871,66.83333333,30.33333333,322.8333333,0.0,124.3333333,25.66666667,79.16666667,153.8333333,0.0,0.0,0.0,42.16988712,50686,0.0,0.0,0.0,35,SALT LAKE
1468,351468,503.8333333,1483.154911,2.94374114,208.5,38.3,7.2,163.0,306.5044442,34.0,4.333333333,0.0,7.166666667,0.166666667,89.33333333,3.5,70.0,0.0,0.0,46.83350645,51.17093777,52925,0.0,0.0,0.0,35,SALT LAKE
1469,351469,301.6666667,804.2005767,2.665858265,814.2,38.8,17.7,757.7,854.1697096,26.5,12.33333333,1.5,16.16666667,84.16666667,396.5,21.5,255.5,0.0,0.0,9.167421885,30.83562109,52925,6.0,0.0,0.0,35,SALT LAKE
1470,351470,292.1666667,818.4334906,2.80125553,82.7,2.8,2.3,77.5,195.6787945,0.333333333,2.5,2.166666667,0.166666667,10.66666667,52.0,1.333333333,13.5,0.0,0.0,83.17615882,29.83596896,65358,610.0,0.0,0.0,35,SALT LAKE
1471,351471,523.5,1380.574666,2.637200891,237.3,2.7,12.3,222.3,325.6752954,0.333333333,2.333333333,2.166666667,10.16666667,79.16666667,70.16666667,3.666666667,69.33333333,0.0,0.0,35.00364827,53.33831375,65358,0.0,0.0,119.0,35,SALT LAKE
1472,351472,67.0,188.7549969,2.817238759,301.3,139.3,0.2,161.8,308.3339483,121.3333333,18.0,0.166666667,0.0,0.333333333,44.33333333,57.0,60.16666667,0.0,0.0,0.0,7.000614971,79819,0.0,0.0,0.0,35,SALT LAKE
1473,351473,202.5,628.6219512,3.104305932,792.2,399.3,10.3,382.5,813.6767681,319.8333333,79.5,0.0,10.33333333,55.5,16.66666667,186.3333333,124.0,1.008273417,0.0,0.0,20.50182802,65358,0.0,0.0,0.0,35,SALT LAKE
1474,351474,347.0,928.2162223,2.674974704,1489.8,277.5,361.5,850.8,1842.518089,189.5,88.0,47.16666667,314.3333333,333.5,151.5,9.833333333,356.0,0.0,0.0,317.3474592,35.33729614,49959,0.0,0.0,0.0,35,SALT LAKE
1475,351475,927.5,2643.678184,2.850326883,982.8,97.7,204.0,681.2,1125.344388,85.83333333,11.83333333,90.66666667,113.3333333,113.6666667,29.66666667,14.33333333,523.5,0.0,0.0,48.33620391,94.17485048,49959,0.0,0.0,0.0,35,SALT LAKE
1476,351476,104.5,300.9569161,2.879970489,713.7,18.2,126.7,568.8,814.566749,14.33333333,3.833333333,88.0,38.66666667,139.1666667,178.0,5.833333333,245.8333333,7.226601243,0.0,82.83904637,10.83443476,69092,0.0,0.0,0.0,35,SALT LAKE
1477,351477,464.8333333,1275.441222,2.743867814,1081.7,627.5,17.0,437.2,1136.83783,348.8333333,278.6666667,14.66666667,2.333333333,174.8333333,20.0,43.5,198.8333333,0.0,0.0,8.000361277,47.17080251,49916,0.0,0.0,0.0,35,SALT LAKE
1478,351478,483.3333333,1500.711566,3.10492048,1112.0,16.2,561.0,534.8,1198.507307,15.0,1.166666667,1.833333333,559.1666667,244.1666667,147.6666667,1.666666667,141.3333333,0.0,0.0,37.33619365,49.17111334,69092,835.0,0.0,0.0,35,SALT LAKE
1479,351479,961.6666667,2416.518834,2.512844541,427.0,11.2,108.2,307.7,1236.856509,11.16666667,0.0,27.83333333,80.33333333,43.33333333,32.83333333,12.5,219.0,0.0,0.0,712.1814998,97.67500944,31357,0.0,0.0,0.0,35,SALT LAKE
1480,351480,10.66666667,32.24318191,3.022798304,4372.3,376.2,542.2,3454.0,4373.166792,288.8333333,87.33333333,315.6666667,226.5,1275.0,331.1666667,26.16666667,1821.666667,0.0,0.0,0.0,0.833458299,31844,0.0,0.0,0.0,35,SALT LAKE
1481,351481,5.0,11.92141841,2.384283682,1998.2,2.2,1383.2,612.8,2045.360191,0.5,1.666666667,1199.666667,183.5,3.833333333,216.1666667,2.666666667,390.1666667,3.02482025,0.0,43.16861606,1.000087853,48032,0.0,0.0,0.0,35,SALT LAKE
1482,351482,492.0,1635.220525,3.323618952,1178.0,4.3,812.8,360.8,1230.020909,4.333333333,0.0,764.8333333,48.0,1.833333333,153.3333333,99.66666667,106.0,2.016546834,0.0,0.0,50.00436225,48032,0.0,0.0,0.0,35,SALT LAKE
1483,351483,398.6666667,1389.15147,3.484493655,0.0,0.0,0.0,0.0,40.50359858,0.0,0.0,0.0,0.0,0.0,0.0,0.0,0.0,0.0,0.0,0.0,40.50359858,48032,0.0,0.0,0.0,35,SALT LAKE
1484,351484,275.0,1065.586568,3.874860247,0.7,0.2,0.0,0.5,28.66911305,0.0,0.166666667,0.0,0.0,0.166666667,0.0,0.0,0.333333333,0.0,0.0,0.0,28.00244638,88520,0.0,0.0,0.0,35,SALT LAKE
1485,351485,79.0,192.3946213,2.435374953,323.7,2.2,238.5,83.0,339.8346574,1.166666667,1.0,235.5,3.0,11.83333333,63.0,0.0,8.166666667,0.0,0.0,8.333529025,7.834461726,88520,0.0,0.0,0.0,35,SALT LAKE
1486,351486,321.0,1125.955109,3.507648315,30.7,0.0,0.2,30.5,63.33622914,0.0,0.0,0.166666667,0.0,0.0,1.5,0.333333333,28.66666667,0.0,0.0,0.0,32.66956247,65982,0.0,0.0,0.0,35,SALT LAKE
1487,351487,514.5,1844.609561,3.585246961,8.7,7.5,0.2,1.0,76.00526003,5.5,2.0,0.0,0.166666667,0.0,0.333333333,0.0,0.666666667,0.0,0.0,15.16735159,52.17124177,71003,0.0,0.0,0.0,35,SALT LAKE
1488,351488,348.5,1178.844181,3.382623187,182.7,126.3,22.7,33.7,220.8367732,24.5,101.8333333,0.166666667,22.5,1.5,4.666666667,7.833333333,19.66666667,0.0,0.0,2.833664541,35.33644199,58150,0.0,0.0,0.0,35,SALT LAKE
1489,351489,689.1666667,2317.340327,3.362525263,201.7,0.3,0.0,201.3,274.3395533,0.0,0.333333333,0.0,0.0,1.0,119.6666667,3.5,77.16666667,0.0,0.0,2.666736916,70.00614971,69744,1042.0,0.0,0.0,35,SALT LAKE
1490,351490,204.8333333,682.5776017,3.33235607,135.3,99.7,0.3,35.3,156.3351782,74.33333333,25.33333333,0.333333333,0.0,6.833333333,1.166666667,25.16666667,2.166666667,0.0,0.0,0.0,21.00184491,88226,0.0,0.0,0.0,35,SALT LAKE
1491,351491,724.6666667,2515.571044,3.471349187,0.0,0.0,0.0,0.0,74.50659085,0.0,0.0,0.0,0.0,0.0,0.0,0.0,0.0,0.0,0.0,0.833483886,73.67310697,75544,0.0,0.0,0.0,35,SALT LAKE
1492,351492,273.3333333,881.8810064,3.226393926,111.2,0.2,0.2,110.8,142.6698116,0.166666667,0.0,0.0,0.166666667,1.0,106.3333333,1.5,2.0,0.0,0.0,3.500685024,28.00245988,88226,0.0,1088.0,0.0,35,SALT LAKE
1493,351493,14.16666667,47.37844203,3.344360614,282.0,6.3,3.8,271.8,284.5084018,2.333333333,4.0,2.666666667,1.166666667,33.33333333,34.0,40.16666667,164.3333333,1.008273417,0.0,0.0,1.500128413,58150,0.0,0.0,0.0,35,SALT LAKE
1494,351494,0.0,0.0,0.0,289.8,0.0,281.2,8.7,289.8333333,0.0,0.0,281.1666667,0.0,0.0,0.333333333,0.0,8.333333333,0.0,0.0,0.0,0.0,76958,0.0,0.0,0.0,35,SALT LAKE
1495,351495,354.3333333,1066.359045,3.0094799,329.0,52.0,1.3,275.7,399.8413661,13.66666667,38.33333333,1.333333333,0.0,2.5,12.66666667,206.8333333,53.66666667,0.0,0.0,34.83822371,36.00314242,76997,0.0,0.0,0.0,35,SALT LAKE
1496,351496,374.0,1204.705927,3.221138842,352.2,2.5,5.0,344.7,655.3735979,2.0,0.5,5.0,0.0,14.5,150.8333333,170.0,9.333333333,3.527041886,0.0,261.6767975,38.00309175,89579,912.0,0.0,0.0,35,SALT LAKE
1497,351497,332.3333333,1208.801181,3.63731549,0.0,0.0,0.0,0.0,34.002987,0.0,0.0,0.0,0.0,0.0,0.0,0.0,0.0,0.0,0.0,0.0,34.002987,89820,0.0,0.0,0.0,35,SALT LAKE
1498,351498,393.0,1335.190248,3.397430655,445.3,326.7,0.0,118.7,487.1701707,299.5,27.16666667,0.0,0.0,2.333333333,1.0,3.5,111.8333333,0.0,0.0,1.833333333,40.00350399,91975,0.0,0.0,0.0,35,SALT LAKE
1499,351499,458.3333333,1519.778069,3.315879423,121.2,60.3,12.2,48.7,259.5234443,60.0,0.333333333,0.5,11.66666667,8.166666667,8.833333333,0.5,31.16666667,1.680299119,0.0,90.00541924,46.67105931,102151,0.0,0.0,0.0,35,SALT LAKE
1500,351500,227.5,625.4184993,2.749092304,339.2,10.5,74.5,254.2,379.1797759,8.666666667,1.833333333,0.333333333,74.16666667,1.333333333,77.33333333,104.5,71.0,1.008273417,0.0,15.83634441,23.16849139,79819,573.0,245.0,0.0,35,SALT LAKE
1501,351501,1044.666667,2299.64365,2.201318108,332.8,40.5,6.7,285.7,460.6772842,28.83333333,11.66666667,0.0,6.666666667,33.5,6.833333333,43.83333333,201.5,0.0,0.0,21.50097093,106.34298,35503,0.0,0.0,0.0,35,SALT LAKE
1502,351502,277.5,1000.636813,3.605898427,151.2,0.2,26.3,124.7,179.335827,0.0,0.166666667,10.5,15.83333333,4.0,99.0,8.166666667,13.5,0.0,0.0,0.0,28.16916032,109592,970.0,0.0,0.0,35,SALT LAKE
1503,351503,312.6666667,816.3046826,2.610782567,216.3,0.5,10.3,205.5,251.3364423,0.0,0.5,10.16666667,0.166666667,8.833333333,8.833333333,175.6666667,12.16666667,0.0,0.0,3.166967759,31.83614124,83585,0.0,0.0,0.0,35,SALT LAKE
1504,351504,385.5,996.6635885,2.585378958,0.0,0.0,0.0,0.0,81.34061006,0.0,0.0,0.0,0.0,0.0,0.0,0.0,0.0,0.0,0.0,42.17054076,39.1700693,55207,0.0,0.0,0.0,35,SALT LAKE
1505,351505,365.8333333,1219.96326,3.334751509,206.7,10.7,1.7,194.3,252.5032843,10.16666667,0.5,0.333333333,1.333333333,10.33333333,148.0,11.5,24.5,0.0,0.0,8.666666667,37.169951,83024,0.0,1413.0,0.0,35,SALT LAKE
1506,351506,431.5,1218.904833,2.82480842,941.0,91.0,101.7,748.3,1053.524,77.66666667,13.33333333,99.16666667,2.5,70.0,337.3333333,92.33333333,248.6666667,2.350765503,0.0,66.336063,43.83717179,83585,0.0,0.0,2479.0,35,SALT LAKE
1507,351507,740.3333333,1467.097652,1.98167175,2771.8,221.5,1908.0,642.3,2879.844132,134.8333333,86.66666667,1793.333333,114.6666667,55.83333333,186.3333333,243.5,156.6666667,0.0,0.0,32.67060605,75.3401925,55207,47.42857143,17.78571429,17.78571429,35,SALT LAKE
1508,351508,585.1666667,1557.723912,2.662017509,1535.8,585.8,3.2,946.8,1622.178847,444.6666667,141.1666667,3.0,0.166666667,128.6666667,72.66666667,195.3333333,550.1666667,0.838911332,0.0,26.16812935,59.33847274,49887,0.0,0.0,0.0,35,SALT LAKE
1509,351509,427.1666667,1144.148822,2.678459981,1039.3,142.5,20.5,876.3,1100.004506,105.8333333,36.66666667,15.83333333,4.666666667,59.66666667,65.0,131.6666667,620.0,0.0,0.0,17.33404836,43.33712452,69092,0.0,0.0,0.0,35,SALT LAKE
1510,351510,266.1666667,854.3660931,3.209891396,0.0,0.0,0.0,0.0,39.50904988,0.0,0.0,0.0,0.0,0.0,0.0,0.0,0.0,0.671360015,0.0,11.83534824,27.00234162,81751,0.0,0.0,0.0,35,SALT LAKE
1511,351511,249.3333333,757.7673797,3.039173983,948.5,71.7,26.3,850.5,1046.532957,59.33333333,12.33333333,0.0,26.33333333,106.1666667,37.66666667,235.0,471.6666667,3.361286837,0.0,69.50279746,25.16887312,81751,0.0,0.0,0.0,35,SALT LAKE
1512,351512,427.3333333,1164.761066,2.725649919,702.8,81.0,15.5,606.3,898.6967373,18.33333333,62.66666667,1.0,14.5,289.8333333,35.83333333,110.8333333,169.8333333,0.0,0.0,152.3605383,43.50286571,81751,0.0,0.0,0.0,35,SALT LAKE
1513,351513,565.5,1219.958108,2.157308767,1431.3,171.7,330.3,929.3,1491.671891,79.33333333,92.33333333,257.0,73.33333333,430.5,282.0,17.83333333,199.0,0.0,0.0,2.666900012,57.67165742,63423,0.0,0.0,0.0,35,SALT LAKE
1514,351514,707.8333333,1361.026099,1.922805885,2722.5,133.5,448.3,2140.7,2798.339986,117.6666667,15.83333333,232.5,215.8333333,384.0,168.8333333,77.66666667,1510.166667,0.0,0.0,4.000361326,71.83962497,63423,0.0,0.0,0.0,35,SALT LAKE
1515,351515,35.33333333,91.3738331,2.58605188,1168.0,227.3,248.5,692.2,1172.665957,218.8333333,8.5,133.3333333,115.1666667,131.3333333,23.0,179.6666667,358.1666667,0.0,0.0,1.166736916,3.499220143,31449,0.0,0.0,0.0,35,SALT LAKE
1516,351516,152.5,407.8172752,2.674211641,1813.3,132.0,123.7,1557.7,1920.352624,130.6666667,1.333333333,99.33333333,24.33333333,286.1666667,105.3333333,4.0,1162.166667,0.0,0.0,91.51790849,15.50138239,31449,0.0,0.0,0.0,35,SALT LAKE
1517,351517,21.83333333,67.71308995,3.101362898,169.3,11.5,0.8,157.0,209.8623535,2.833333333,8.666666667,0.333333333,0.5,49.5,19.33333333,67.5,20.66666667,3.527487513,0.0,34.83490639,2.166626255,88520,0.0,0.0,0.0,35,SALT LAKE
1518,351518,544.5,1549.66635,2.846035537,235.3,15.2,4.5,215.7,334.0066299,4.5,10.66666667,3.333333333,1.166666667,80.16666667,58.0,54.83333333,22.66666667,0.0,0.0,43.50207489,55.17122163,88520,0.0,0.0,0.0,35,SALT LAKE
1519,351519,13.16666667,33.32380455,2.530921864,474.0,70.0,2.7,401.3,557.3905641,1.666666667,68.33333333,1.666666667,1.0,164.3333333,46.16666667,81.33333333,109.5,5.714528794,0.0,76.3422459,1.333789367,88520,0.0,0.0,0.0,35,SALT LAKE
1520,351520,44.5,115.4286361,2.593901934,39.5,3.5,0.0,36.0,56.83667269,0.0,3.5,0.0,0.0,10.66666667,14.66666667,0.333333333,10.33333333,0.0,0.0,12.83584509,4.500827598,88520,0.0,0.0,0.0,35,SALT LAKE
1521,351521,195.0,543.0611711,2.784929082,328.7,50.0,1.5,277.2,458.8402949,0.333333333,49.66666667,1.166666667,0.333333333,94.83333333,21.16666667,81.0,80.16666667,0.0,0.0,110.171145,20.00248326,88520,0.0,0.0,0.0,35,SALT LAKE
1522,351522,306.1666667,820.1852962,2.678885018,710.7,47.3,5.8,657.5,946.1897399,1.333333333,46.0,5.5,0.333333333,188.8333333,63.33333333,263.6666667,141.6666667,0.0,0.0,204.3536021,31.16947111,88520,0.0,0.0,0.0,35,SALT LAKE
1523,351523,170.0,480.2985286,2.825285462,292.3,42.8,2.3,247.2,402.5100934,3.0,39.83333333,2.166666667,0.166666667,43.33333333,23.16666667,103.0,77.66666667,0.0,0.0,92.84186928,17.33489078,88520,0.0,0.0,0.0,35,SALT LAKE
1524,351524,76.66666667,213.6967805,2.787349311,285.3,11.2,1.7,272.5,363.6709147,0.333333333,10.83333333,1.666666667,0.0,36.33333333,9.0,170.0,57.16666667,0.0,0.0,70.67036728,7.667214124,88520,0.0,0.0,0.0,35,SALT LAKE
1525,351525,160.3333333,432.614052,2.698216541,384.7,23.7,8.2,352.8,624.50872,0.833333333,22.83333333,7.666666667,0.5,137.3333333,51.66666667,88.5,75.33333333,0.0,0.0,223.5066286,16.33542478,88520,0.0,0.0,0.0,35,SALT LAKE
1526,351526,163.3333333,486.4840015,2.978473479,0.0,0.0,0.0,0.0,25.83562155,0.0,0.0,0.0,0.0,0.0,0.0,0.0,0.0,0.0,0.0,9.16753231,16.66808924,88520,0.0,0.0,0.0,35,SALT LAKE
1527,351527,204.6666667,543.0289895,2.653236105,132.8,21.7,0.7,110.5,377.3675149,0.833333333,20.83333333,0.5,0.166666667,30.83333333,12.33333333,44.0,23.33333333,0.0,0.0,223.866663,20.6675185,88520,0.0,0.0,0.0,35,SALT LAKE
1528,351528,365.5,982.3603059,2.687716295,159.2,0.2,0.7,158.3,457.5298247,0.0,0.166666667,0.333333333,0.333333333,13.83333333,30.5,111.3333333,2.666666667,0.0,0.0,261.0257737,37.33738425,88520,0.0,0.0,0.0,35,SALT LAKE
1529,351529,84.66666667,244.0902039,2.882955165,0.0,0.0,0.0,0.0,8.667589024,0.0,0.0,0.0,0.0,0.0,0.0,0.0,0.0,0.0,0.0,0.0,8.667589024,88520,0.0,0.0,0.0,35,SALT LAKE
1530,351530,245.5,668.1672039,2.721658672,190.2,20.3,1.3,168.5,400.5072834,0.333333333,20.0,1.166666667,0.166666667,21.66666667,16.33333333,73.0,57.5,0.0,0.0,185.1721185,25.16849822,88520,0.0,0.0,0.0,35,SALT LAKE
1531,351531,904.1666667,2470.517832,2.732369953,1397.0,15.7,16.7,1364.7,1649.536421,0.166666667,15.5,14.16666667,2.5,1073.5,136.6666667,75.0,79.5,0.0,0.0,160.5278247,92.0085958,88520,0.0,0.0,0.0,35,SALT LAKE
1532,351532,709.3333333,1985.97355,2.799774741,45.5,0.0,1.0,44.5,129.5065868,0.0,0.0,0.0,1.0,13.16666667,5.5,23.5,2.333333333,0.0,0.0,12.00029856,72.00628824,77428,0.0,0.0,0.0,35,SALT LAKE
1533,351533,1.666666667,3.973010454,2.383806273,0.0,0.0,0.0,0.0,0.333411029,0.0,0.0,0.0,0.0,0.0,0.0,0.0,0.0,0.0,0.0,0.0,0.333411029,77428,0.0,0.0,0.0,35,SALT LAKE
1534,351534,136.1666667,377.5101308,2.772412221,0.0,0.0,0.0,0.0,56.67575296,0.0,0.0,0.0,0.0,0.0,0.0,0.0,0.0,0.0,0.0,43.00776851,13.66798445,77428,0.0,0.0,0.0,35,SALT LAKE
1535,351535,1317.166667,4103.718947,3.115565441,181.7,7.5,0.7,173.5,342.3484056,7.0,0.5,0.5,0.166666667,50.66666667,114.1666667,7.5,1.166666667,0.0,0.0,26.50316156,134.1785774,77428,1240.0,0.0,0.0,35,SALT LAKE
1536,351536,261.8333333,901.7548032,3.444003068,206.5,5.0,1.2,200.3,237.1691255,4.333333333,0.666666667,0.833333333,0.333333333,9.666666667,59.83333333,94.16666667,36.66666667,0.0,0.0,4.166854832,26.50227068,77428,0.0,0.0,0.0,35,SALT LAKE
1537,351537,798.1666667,2457.825186,3.0793383,149.3,36.7,3.0,109.7,233.5069319,4.166666667,32.5,0.0,3.0,31.0,1.5,11.33333333,65.83333333,0.0,0.0,3.166857344,81.00674121,77428,0.0,0.0,0.0,35,SALT LAKE
1538,351538,693.5,2018.687321,2.910868524,0.0,0.0,0.0,0.0,236.0140264,0.0,0.0,0.0,0.0,0.0,0.0,0.0,0.0,0.0,0.0,165.6759681,70.33805825,77428,0.0,0.0,0.0,35,SALT LAKE
1539,351539,258.1666667,742.1970657,2.874875658,112.7,1.2,0.8,110.7,162.5024666,0.0,1.166666667,0.666666667,0.166666667,3.333333333,50.0,48.83333333,8.5,0.0,0.0,23.66666667,26.16913325,77428,700.0,300.0,0.0,35,SALT LAKE
1540,351540,386.1666667,1111.134797,2.877345181,204.2,19.5,10.8,173.8,256.1707275,4.0,15.5,10.83333333,0.0,92.83333333,49.66666667,17.66666667,13.66666667,0.0,0.0,12.66732151,39.33673932,77428,0.0,0.0,0.0,35,SALT LAKE
1541,351541,629.5,2054.150793,3.263146613,123.8,8.2,0.5,115.2,188.6723056,1.166666667,7.0,0.5,0.0,0.0,115.0,0.166666667,0.0,0.0,0.0,0.833383511,64.0055888,77428,1014.0,0.0,0.0,35,SALT LAKE
1542,351542,493.3333333,1656.9189,3.358619392,142.2,1.0,1.8,139.3,216.1711662,0.0,1.0,1.833333333,0.0,85.5,12.83333333,1.0,40.0,0.0,0.0,23.66678709,50.33771248,77428,0.0,0.0,0.0,35,SALT LAKE
1543,351543,131.5,444.4562412,3.37989537,209.5,150.5,0.0,59.0,223.6760585,122.0,28.5,0.0,0.0,3.333333333,33.66666667,12.83333333,9.166666667,1.008273417,0.0,0.0,13.16778512,77428,346.0,148.0,0.0,35,SALT LAKE
1544,351544,282.0,837.5255867,2.969948889,482.7,317.3,3.3,162.0,523.6702399,300.8333333,16.5,0.5,2.833333333,17.66666667,13.5,46.33333333,84.5,0.0,0.0,12.50192707,28.50164617,99159,0.0,0.0,0.0,35,SALT LAKE
1545,351545,1536.166667,4467.354545,2.908118397,816.7,626.2,32.7,157.8,1062.191634,182.1666667,444.0,1.5,31.16666667,15.83333333,24.0,10.16666667,107.8333333,0.0,0.0,89.00995884,156.5150088,99159,0.0,0.0,0.0,35,SALT LAKE
1546,351546,520.1666667,1731.211304,3.328185781,73.5,1.3,22.2,50.0,138.5276825,1.0,0.333333333,0.166666667,22.0,13.83333333,0.666666667,22.83333333,12.66666667,2.688130554,0.0,9.501467876,52.83808409,99159,0.0,0.0,0.0,35,SALT LAKE
1547,351547,520.5,1317.453853,2.531131322,1777.8,1321.7,0.2,456.0,1902.175973,814.5,507.1666667,0.166666667,0.0,278.3333333,35.33333333,43.0,99.33333333,0.0,0.0,71.33830377,53.00433544,99159,0.0,294.0,294.0,35,SALT LAKE
1548,351548,214.8333333,711.9271974,3.313858173,94.5,10.5,0.0,84.0,118.3354172,9.166666667,1.333333333,0.0,0.0,4.0,67.0,3.5,9.5,0.0,0.0,2.000090319,21.83532685,99159,0.0,0.0,0.0,35,SALT LAKE
1549,351549,295.1666667,1048.93516,3.553704664,8.0,0.0,0.0,8.0,48.16981352,0.0,0.0,0.0,0.0,0.333333333,0.666666667,6.666666667,0.333333333,0.0,0.0,10.00057206,30.16924145,99159,0.0,0.0,0.0,35,SALT LAKE
1550,351550,610.6666667,2007.22991,3.286948542,533.2,90.3,21.8,421.0,597.3388773,60.66666667,29.66666667,20.16666667,1.666666667,29.5,189.0,121.5,81.0,0.0,0.0,2.000090319,62.1721203,72016,803.0,0.0,0.0,35,SALT LAKE
1551,351551,223.1666667,784.5312905,3.515450144,162.3,60.5,1.0,100.8,208.003291,27.16666667,33.33333333,1.0,0.0,3.833333333,20.16666667,29.0,47.83333333,0.0,0.0,22.83460033,22.83535732,119962,0.0,0.0,0.0,35,SALT LAKE
1552,351552,78.0,238.5781092,3.058693707,153.8,9.8,0.5,143.5,242.5033067,9.666666667,0.166666667,0.5,0.0,67.33333333,38.5,16.16666667,21.5,0.0,0.0,80.83605549,7.833917907,119962,143.0,64.0,59.0,35,SALT LAKE
1553,351553,554.1666667,1445.548436,2.608508457,1297.0,534.5,7.2,755.3,1394.85172,270.5,264.0,5.666666667,1.5,73.0,243.1666667,273.6666667,165.5,1.008273417,0.0,40.33926256,56.50418357,66910,0.0,6.0,26.0,35,SALT LAKE
1554,351554,300.5,873.7798964,2.907753399,135.7,0.0,8.3,127.3,166.3359791,0.0,0.0,0.5,7.833333333,5.5,116.0,4.5,1.333333333,0.0,0.0,0.0,30.66931241,66910,983.0,0.0,0.0,35,SALT LAKE
1555,351555,439.0,1383.032387,3.150415461,419.7,7.7,0.5,411.5,506.8430448,7.333333333,0.333333333,0.5,0.0,234.1666667,28.33333333,72.0,77.0,0.0,0.0,42.6725532,44.50382492,107406,0.0,0.0,0.0,35,SALT LAKE
1556,351556,186.6666667,605.7102692,3.244876442,284.7,9.7,4.3,270.7,332.8558906,7.666666667,2.0,1.666666667,2.666666667,139.3333333,13.0,29.33333333,89.0,2.185239586,0.0,27.16871164,18.83527271,67943,651.0,0.0,0.0,35,SALT LAKE
1557,351557,347.8333333,1143.080315,3.286287443,10089.3,888.3,319.5,8881.5,10144.50685,457.6666667,430.6666667,66.83333333,252.6666667,3474.166667,1030.833333,160.1666667,4216.333333,0.0,0.0,19.83706456,35.33644871,101499,0.0,0.0,0.0,35,SALT LAKE
1558,351558,269.5,960.4414557,3.563790188,15.8,0.7,0.0,15.2,51.17772001,0.166666667,0.5,0.0,0.0,2.166666667,6.166666667,0.166666667,6.666666667,1.008273417,0.0,7.167098199,27.16901506,103139,0.0,0.0,0.0,35,SALT LAKE
1559,351559,225.6666667,785.437302,3.480519802,0.0,0.0,0.0,0.0,25.83549947,0.0,0.0,0.0,0.0,0.0,0.0,0.0,0.0,0.0,0.0,2.833478849,23.00202062,103139,0.0,0.0,0.0,35,SALT LAKE
1560,351560,372.8333333,899.6156718,2.41291642,2318.5,232.3,431.5,1654.7,2358.336699,232.1666667,0.166666667,99.5,332.0,921.3333333,101.1666667,213.6666667,418.5,0.0,0.0,1.666666667,38.17003209,69269,0.0,0.0,0.0,35,SALT LAKE
1561,351561,529.0,1313.213806,2.482445758,3418.2,116.7,1799.5,1502.0,3623.865397,104.8333333,11.83333333,1796.0,3.5,835.0,181.8333333,47.16666667,438.0,0.0,0.0,151.8595821,53.8391479,69269,0.0,0.0,0.0,35,SALT LAKE
1562,351562,341.5,884.6888931,2.590597051,2017.7,144.5,441.2,1432.0,2286.348257,113.1666667,31.33333333,439.1666667,2.0,926.0,70.33333333,76.16666667,359.5,0.0,0.0,234.0133953,34.66819455,69269,0.0,0.0,0.0,35,SALT LAKE
1563,351563,1158.666667,2638.488485,2.277176483,2892.7,15.7,99.7,2777.3,3049.0136,6.333333333,9.333333333,2.166666667,97.5,773.3333333,73.66666667,17.66666667,1912.666667,0.0,0.0,38.5035378,117.843396,69269,0.0,0.0,0.0,35,SALT LAKE
1564,351564,52.33333333,144.2861106,2.757059439,1957.2,1062.0,93.7,801.5,2099.681472,1002.166667,59.83333333,80.16666667,13.5,199.1666667,163.5,229.8333333,209.0,1.008273417,0.0,136.5063458,5.000185923,69269,0.0,262.0,262.0,35,SALT LAKE
1565,351565,1348.333333,4577.840892,3.39518484,318.5,15.5,0.5,302.5,493.3555614,14.33333333,1.166666667,0.0,0.5,57.5,110.5,0.0,134.5,1.008273417,0.0,36.66855838,137.1787296,55559,956.0,0.0,0.0,35,SALT LAKE
1566,351566,220.0,778.1013746,3.53682443,819.8,167.0,6.2,646.7,912.4396092,31.33333333,135.6666667,3.333333333,2.833333333,42.5,19.66666667,356.3333333,228.1666667,11.93194915,0.0,58.33890861,22.33541806,88226,0.0,0.0,0.0,35,SALT LAKE
1567,351567,331.0,1205.294548,3.641373257,606.7,353.3,1.5,251.8,748.1953642,195.6666667,157.6666667,1.166666667,0.333333333,29.0,13.33333333,110.3333333,99.16666667,2.350761265,0.0,105.5080666,33.66986968,88226,0.0,0.0,0.0,35,SALT LAKE
1568,351568,228.6666667,856.8114281,3.746988753,108.3,0.3,0.0,108.0,132.3409387,0.166666667,0.166666667,0.0,0.0,22.83333333,37.83333333,6.0,41.33333333,0.838911332,0.0,0.0,23.16869404,88226,143.0,25.0,0.0,35,SALT LAKE
1569,351569,697.5,2565.703031,3.678427284,408.2,51.3,1.8,355.0,490.0068246,2.166666667,49.16666667,1.666666667,0.166666667,24.33333333,217.3333333,27.33333333,86.0,0.0,0.0,10.83392041,71.00623756,86868,0.0,0.0,2157.0,35,SALT LAKE
1570,351570,604.5,1653.259204,2.734920106,297.7,37.2,4.8,255.7,392.1729787,20.83333333,16.33333333,0.5,4.333333333,22.33333333,40.33333333,91.83333333,101.1666667,0.0,0.0,33.16767026,61.33864173,79958,0.0,0.0,0.0,35,SALT LAKE
1571,351571,688.0,2252.382401,3.27381163,1117.0,434.0,11.5,671.5,1214.340607,280.0,154.0,6.0,5.5,91.83333333,120.5,66.0,393.1666667,0.0,0.0,27.50112413,69.83948305,73504,616.0,0.0,0.0,35,SALT LAKE
1572,351572,703.6666667,2260.023881,3.211781925,166.0,41.0,8.7,116.3,265.8418231,26.83333333,14.16666667,7.333333333,1.333333333,29.83333333,5.0,9.166666667,72.33333333,0.0,0.0,28.33569692,71.50612613,68528,0.0,0.0,0.0,35,SALT LAKE
1573,351573,717.3333333,2238.315489,3.120328284,357.2,232.7,3.8,120.7,446.8427945,178.0,54.66666667,3.833333333,0.0,29.83333333,39.83333333,3.166666667,47.83333333,0.0,0.0,16.83637449,72.83975331,73820,0.0,0.0,0.0,35,SALT LAKE
1574,351574,314.1666667,1099.166601,3.49867353,40.3,0.3,4.2,35.8,84.83576055,0.0,0.333333333,0.166666667,4.0,3.5,11.33333333,3.666666667,17.33333333,0.0,0.0,12.50007527,32.00235195,119318,0.0,0.0,0.0,35,SALT LAKE
1575,351575,222.3333333,713.4559649,3.208947369,364.0,67.7,3.2,293.2,437.5664353,67.33333333,0.333333333,0.0,3.166666667,58.83333333,29.0,20.66666667,184.6666667,7.395055263,0.0,43.50254412,22.66883594,119318,0.0,0.0,0.0,35,SALT LAKE
1576,351576,297.6666667,893.0341228,3.000114634,44.7,37.0,0.2,7.5,79.51909463,36.33333333,0.666666667,0.0,0.166666667,0.0,1.666666667,0.666666667,5.166666667,2.016546834,0.0,2.5,30.33588113,65228,0.0,0.0,0.0,35,SALT LAKE
1577,351577,23.33333333,54.5628613,2.338408341,3072.7,134.0,1425.2,1513.5,3119.697625,129.8333333,4.166666667,1137.833333,287.3333333,115.8333333,394.6666667,5.833333333,997.1666667,3.02482025,0.0,42.00596195,2.000175706,65228,0.0,0.0,140.0,35,SALT LAKE
1578,351578,0.0,0.0,0.0,6274.8,1281.3,678.2,4315.3,6339.339762,1261.166667,20.16666667,367.1666667,311.0,1538.0,402.6666667,23.66666667,2351.0,0.0,0.0,64.50642839,0.0,65228,0.0,0.0,0.0,35,SALT LAKE
1579,351579,162.0,568.8651879,3.511513506,1.0,0.3,0.2,0.5,17.3347525,0.0,0.333333333,0.166666667,0.0,0.0,0.0,0.333333333,0.166666667,0.0,0.0,0.0,16.3347525,73557,0.0,0.0,0.0,35,SALT LAKE
1580,351580,118.1666667,374.3065609,3.167615466,224.8,9.5,49.7,165.7,241.0070916,0.0,9.5,0.166666667,49.5,37.0,15.5,85.33333333,27.83333333,0.838911332,0.0,3.333333333,12.0015136,73557,0.0,0.0,0.0,35,SALT LAKE
1581,351581,1006.166667,2750.870418,2.734010685,1751.8,155.3,18.7,1577.8,2021.094092,15.16666667,140.1666667,7.0,11.66666667,186.6666667,168.8333333,842.6666667,379.6666667,8.570431397,0.0,158.3496131,102.340714,73557,0.0,0.0,0.0,35,SALT LAKE
1582,351582,987.3333333,2703.48997,2.738173501,4121.7,686.2,11.2,3424.3,4571.807748,442.8333333,243.3333333,8.666666667,2.5,310.0,227.1666667,2363.166667,524.0,11.08695552,0.0,338.7109836,100.3431418,79722,0.0,0.0,0.0,35,SALT LAKE
1583,351583,98.16666667,300.633641,3.062481912,2423.2,1099.0,11.0,1313.2,2442.335396,744.3333333,354.6666667,0.0,11.0,79.16666667,137.8333333,947.8333333,148.3333333,0.0,0.0,9.167850994,10.00087853,79722,829.0,0.0,0.0,35,SALT LAKE
1584,351584,228.6666667,833.88053,3.646707857,692.5,23.5,10.8,658.2,804.1818111,21.83333333,1.666666667,0.666666667,10.16666667,374.8333333,20.66666667,193.3333333,69.33333333,1.345186819,0.0,87.16802146,23.16860286,79722,0.0,0.0,0.0,35,SALT LAKE
1585,351585,474.3333333,1647.75759,3.473838911,11.2,0.2,0.0,11.0,59.33747595,0.166666667,0.0,0.0,0.0,4.166666667,0.333333333,5.666666667,0.833333333,0.0,0.0,0.0,48.17080929,79722,0.0,0.0,0.0,35,SALT LAKE
1586,351586,387.8333333,1521.508755,3.923099498,297.8,64.3,0.5,233.0,342.1704108,21.83333333,42.5,0.333333333,0.166666667,68.66666667,21.33333333,82.33333333,60.66666667,0.0,0.0,5.166977771,39.17009968,77774,0.0,0.0,0.0,35,SALT LAKE
1587,351587,303.8333333,1136.507365,3.740561817,5.2,0.2,0.5,4.5,53.84429642,0.0,0.166666667,0.166666667,0.333333333,0.0,1.0,3.333333333,0.166666667,1.008273417,0.0,16.83333333,30.836023,77774,100.1538462,42.92307692,42.92307692,35,SALT LAKE
1588,351588,187.1666667,694.0415366,3.708147124,263.8,6.0,2.0,255.8,282.8350025,5.833333333,0.166666667,0.666666667,1.333333333,1.333333333,230.8333333,21.83333333,1.833333333,0.0,0.0,0.0,19.00166921,77774,0.0,0.0,0.0,35,SALT LAKE
1589,351589,326.3333333,1182.209001,3.622703781,306.7,2.0,0.8,303.8,341.3365372,0.833333333,1.166666667,0.333333333,0.5,19.83333333,197.8333333,15.83333333,70.33333333,0.0,0.0,1.500270995,33.16959959,67233,822.0,1089.0,0.0,35,SALT LAKE
1590,351590,624.5,1632.614905,2.614275268,947.3,226.8,14.2,706.3,1026.673253,94.16666667,132.6666667,2.0,12.16666667,14.16666667,258.0,152.6666667,281.5,0.0,0.0,16.00083554,63.33908422,29419,0.0,0.0,0.0,35,SALT LAKE
1591,351591,680.1666667,2234.512581,3.285242707,394.0,28.7,24.2,341.2,471.1739792,27.16666667,1.5,8.666666667,15.5,2.5,162.6666667,74.5,101.5,0.0,0.0,8.001314834,69.17266434,67964,770.0,0.0,0.0,35,SALT LAKE
1592,351592,585.1666667,2031.685652,3.471977759,80.3,30.3,5.7,44.3,283.0526738,28.5,1.833333333,0.333333333,5.333333333,1.166666667,9.0,17.5,16.66666667,5.042498854,0.0,138.1716044,59.50523727,64841,0.0,0.0,0.0,35,SALT LAKE
1593,351593,290.0,783.4557177,2.70157144,638.2,131.0,42.2,465.0,730.8406767,106.0,25.0,6.166666667,36.0,35.5,33.0,147.1666667,249.3333333,0.0,0.0,63.17111776,29.50289226,57704,59.0,18.0,0.0,35,SALT LAKE
1594,351594,116.0,309.4984338,2.668089947,298.3,6.5,8.5,283.3,311.5139097,1.833333333,4.666666667,0.666666667,7.833333333,77.5,43.0,107.6666667,55.16666667,1.512970318,0.0,0.0,11.66760608,57704,0.0,0.0,0.0,35,SALT LAKE
1595,351595,279.8333333,756.8581217,2.704674646,466.3,17.7,5.2,443.5,508.3369745,6.833333333,10.83333333,3.666666667,1.5,17.0,30.33333333,266.0,130.1666667,0.0,0.0,13.50115417,28.50248696,57999,0.0,0.0,0.0,35,SALT LAKE
1596,351596,1261.833333,3481.921638,2.75941485,121.3,10.8,20.7,89.8,793.3823728,10.83333333,0.0,19.5,1.166666667,0.166666667,63.5,16.66666667,9.5,0.0,0.0,543.8690791,128.1799605,58474,0.0,0.0,0.0,35,SALT LAKE
1597,351597,214.6666667,600.4427081,2.797093361,1345.7,307.2,15.8,1022.7,1397.502962,273.5,33.66666667,11.0,4.833333333,431.3333333,184.8333333,61.83333333,344.6666667,0.0,0.0,30.00007025,21.83622538,65228,0.0,0.0,0.0,35,SALT LAKE
1598,351598,177.5,480.7198136,2.70828064,4704.0,598.2,1439.5,2666.3,4730.834974,556.6666667,41.5,127.3333333,1312.166667,935.1666667,602.6666667,2.833333333,1125.666667,0.0,0.0,8.833865222,18.0011083,65228,1357.0,220.0,0.0,35,SALT LAKE
1599,351599,289.0,786.3614393,2.720973838,2960.3,2143.5,8.0,808.8,3234.00985,2117.5,26.0,6.333333333,1.666666667,433.3333333,319.5,26.33333333,29.66666667,0.0,0.0,244.3420543,29.33446268,65228,0.0,0.0,0.0,35,SALT LAKE
1600,351600,792.3333333,2115.594009,2.670080785,4255.0,1119.2,142.2,2993.7,4485.01466,1049.333333,69.83333333,138.1666667,4.0,618.0,306.0,120.8333333,1948.833333,0.0,0.0,149.5060516,80.50860879,65228,0.0,0.0,0.0,35,SALT LAKE
1601,351601,945.1666667,2483.73933,2.627832125,1960.3,680.5,103.3,1176.5,2555.072872,279.5,401.0,8.166666667,95.16666667,556.3333333,177.8333333,28.66666667,413.6666667,0.0,0.0,498.7305302,96.00900813,119318,0.0,0.0,0.0,35,SALT LAKE
1602,351602,2067.166667,5556.86226,2.68815396,2661.2,299.3,61.3,2300.5,5938.275877,110.3333333,189.0,33.5,27.83333333,1051.166667,366.3333333,162.8333333,720.1666667,0.0,0.0,3066.924479,210.1847309,119318,0.0,0.0,12.0,35,SALT LAKE
1603,351603,255.8333333,770.7534319,3.012716998,0.0,0.0,0.0,0.0,36.33587686,0.0,0.0,0.0,0.0,0.0,0.0,0.0,0.0,0.0,0.0,10.33340358,26.00247328,65228,0.0,0.0,0.0,35,SALT LAKE
1604,351604,3099.833333,8303.198155,2.678595028,5821.0,200.7,598.3,5022.0,10496.94013,151.6666667,49.0,435.3333333,163.0,1060.333333,1855.666667,23.0,2083.0,1.344516298,0.0,4359.232403,315.363215,119318,0.0,0.0,0.0,35,SALT LAKE
1605,351605,4010.0,10914.55451,2.721834041,75.5,0.5,0.0,75.0,1477.172083,0.0,0.5,0.0,0.0,3.333333333,3.166666667,66.33333333,2.166666667,9.409348753,0.0,984.3956912,407.8670429,85557,0.0,0.0,0.0,35,SALT LAKE
1606,351606,944.3333333,2700.475647,2.859663586,857.5,53.8,43.3,760.3,1703.070166,1.0,52.83333333,42.66666667,0.666666667,56.33333333,185.8333333,466.0,52.16666667,0.0,0.0,749.5625792,96.00758647,85557,0.0,0.0,0.0,35,SALT LAKE
1607,351607,410.6666667,1209.568652,2.94537821,1713.5,67.0,69.5,1577.0,2461.667827,1.333333333,65.66666667,67.33333333,2.166666667,114.8333333,317.5,971.6666667,173.0,8.233966596,0.0,698.2632708,41.67058949,85557,0.0,0.0,0.0,35,SALT LAKE
1608,351608,1439.5,4091.398649,2.84223595,179.3,2.7,0.8,175.8,1607.638069,0.166666667,2.5,0.5,0.333333333,16.33333333,12.83333333,141.6666667,5.0,0.0,0.0,1281.953039,146.3516967,85557,0.0,0.0,0.0,35,SALT LAKE
1609,351609,222.1666667,703.9575852,3.168601284,568.0,197.0,1.2,369.8,613.5072045,66.33333333,130.6666667,0.666666667,0.5,14.83333333,130.0,43.16666667,181.8333333,0.0,0.0,23.00394448,22.50325999,79722,0.0,986.0,0.0,35,SALT LAKE
1610,351610,170.6666667,626.6368737,3.671700432,0.0,0.0,0.0,0.0,24.68504493,0.0,0.0,0.0,0.0,0.0,0.0,0.0,0.0,2.016546834,0.0,5.500331176,17.16816692,103520,0.0,0.0,0.0,35,SALT LAKE
1611,351611,83.66666667,268.0719694,3.204047444,0.0,0.0,0.0,0.0,39.58994204,0.0,0.0,0.0,0.0,0.0,0.0,0.0,0.0,10.92074227,0.0,20.33505214,8.33414763,103520,0.0,0.0,0.0,35,SALT LAKE
1612,351612,151.6666667,477.6191189,3.149137047,20.5,0.0,3.5,17.0,44.85098531,0.0,0.0,0.166666667,3.333333333,0.166666667,1.833333333,0.666666667,14.33333333,2.1825244,0.0,6.667261322,15.50119959,103520,0.0,0.0,0.0,35,SALT LAKE
1613,351613,84.83333333,317.9102339,3.747468376,20.0,3.5,0.0,16.5,61.24202113,3.333333333,0.166666667,0.0,0.0,0.166666667,0.166666667,16.0,0.166666667,8.905554554,0.0,23.83577725,8.50068933,103520,371.0,159.0,0.0,35,SALT LAKE
1614,351614,118.3333333,423.8240658,3.581611824,173.7,0.2,2.2,171.3,186.8426948,0.166666667,0.0,0.0,2.166666667,1.833333333,165.1666667,1.833333333,2.5,1.008273417,0.0,0.0,12.16775468,103520,914.0,0.0,0.0,35,SALT LAKE
1615,351615,162.1666667,505.9011357,3.119637013,59.0,16.3,10.8,31.8,100.1746239,16.33333333,0.0,1.0,9.833333333,5.666666667,3.166666667,7.5,15.5,0.671132071,0.0,23.8353081,16.66818377,65351,0.0,0.0,0.0,35,SALT LAKE
1616,351616,806.5,2254.413377,2.795304869,210.3,5.5,71.7,133.2,379.0214578,2.333333333,3.166666667,25.33333333,46.33333333,14.16666667,17.33333333,45.83333333,55.83333333,1.174246149,0.0,85.34080828,82.17307,65351,0.0,0.0,0.0,35,SALT LAKE
1617,351617,180.0,686.8581992,3.815878884,0.0,0.0,0.0,0.0,25.85187253,0.0,0.0,0.0,0.0,0.0,0.0,0.0,0.0,2.016546834,0.0,5.667040527,18.16828517,86350,0.0,0.0,0.0,35,SALT LAKE
1618,351618,173.3333333,693.7342574,4.002313024,0.0,0.0,0.0,0.0,23.33520173,0.0,0.0,0.0,0.0,0.0,0.0,0.0,0.0,0.0,0.0,5.833596765,17.50160497,86350,0.0,0.0,0.0,35,SALT LAKE
1619,351619,206.8333333,758.2330993,3.665913453,0.3,0.0,0.0,0.3,68.34437891,0.0,0.0,0.0,0.0,0.0,0.166666667,0.0,0.166666667,0.840494156,0.0,46.16851069,21.00204074,86350,0.0,0.0,0.0,35,SALT LAKE
1620,351620,102.5,316.3744177,3.086579685,35.5,0.3,2.5,32.7,45.83424567,0.333333333,0.0,0.666666667,1.833333333,6.5,0.833333333,4.333333333,21.0,0.0,0.0,0.0,10.33424567,65351,0.0,0.0,0.0,35,SALT LAKE
1621,351621,144.0,493.663743,3.428220438,0.0,0.0,0.0,0.0,35.33592011,0.0,0.0,0.0,0.0,0.0,0.0,0.0,0.0,0.0,0.0,20.8345753,14.5013448,65351,0.0,0.0,0.0,35,SALT LAKE
1622,351622,301.1666667,985.5267574,3.272363334,29.7,0.8,0.5,28.3,135.1878942,0.0,0.833333333,0.333333333,0.166666667,6.5,1.833333333,2.833333333,17.16666667,1.008273417,0.0,74.01014965,30.50280443,65351,0.0,0.0,0.0,35,SALT LAKE
1623,351623,59.16666667,167.9718083,2.83896014,0.2,0.0,0.0,0.2,50.5028839,0.0,0.0,0.0,0.0,0.166666667,0.0,0.0,0.0,0.0,0.0,44.33587243,6.000344803,65351,0.0,0.0,0.0,35,SALT LAKE
1624,351624,99.0,300.1873394,3.032195347,2175.3,189.2,694.5,1291.7,2229.67184,183.6666667,5.5,180.3333333,514.1666667,285.8333333,220.3333333,1.333333333,784.1666667,0.0,0.0,44.17122836,10.1672784,65351,0.0,0.0,0.0,35,SALT LAKE
1625,351625,941.0,2572.31032,2.733592263,886.5,149.8,30.2,706.5,1129.875304,1.0,148.8333333,25.16666667,5.0,213.1666667,220.5,189.3333333,83.5,1.68120659,0.0,146.0191048,95.67499238,65351,628.0,180.0,0.0,35,SALT LAKE
1626,351626,193.3333333,547.517396,2.831986531,27.8,0.0,0.0,27.8,158.846429,0.0,0.0,0.0,0.0,0.333333333,27.33333333,0.0,0.166666667,0.0,0.0,111.3449354,19.6681602,85557,0.0,0.0,0.0,35,SALT LAKE
1627,351627,381.8333333,1106.505155,2.897874696,29.3,0.3,0.7,28.3,620.1464272,0.0,0.333333333,0.666666667,0.0,0.666666667,2.666666667,25.0,0.0,0.0,113.614205,438.5302751,38.66861378,85557,0.0,0.0,0.0,35,SALT LAKE
1628,351628,668.8333333,1841.18726,2.752834179,390.5,13.3,2.7,374.5,670.8603739,1.166666667,12.16666667,1.666666667,1.0,218.0,19.5,97.5,39.5,0.0,0.0,212.3548392,68.00553479,85557,0.0,0.0,0.0,35,SALT LAKE
1629,351629,1384.833333,3822.595286,2.760328766,1014.7,93.7,9.3,911.7,2133.730655,2.166666667,91.5,5.833333333,3.5,68.0,75.83333333,686.1666667,81.66666667,0.0,0.0,978.2162272,140.8477607,85557,0.0,0.0,0.0,35,SALT LAKE
1630,351630,146.6666667,463.8744183,3.162780125,44.7,0.5,0.3,43.8,126.8414486,0.0,0.5,0.166666667,0.166666667,6.166666667,27.33333333,0.0,10.33333333,0.0,0.0,67.17334595,15.00143598,65351,0.0,0.0,0.0,35,SALT LAKE
1631,351631,12.33333333,35.45632428,2.874837103,1308.2,357.2,64.3,886.7,1830.019632,3.5,353.6666667,43.66666667,20.66666667,281.6666667,478.1666667,3.0,123.8333333,0.0,340.842615,179.8438284,1.166521498,65351,0.0,0.0,0.0,35,SALT LAKE
1632,351632,3.0,7.336257482,2.445419161,594.0,46.3,348.0,199.7,594.0,46.33333333,0.0,281.3333333,66.66666667,99.0,26.66666667,0.5,73.5,0.0,0.0,0.0,0.0,35876,0.0,0.0,0.0,35,SALT LAKE
1633,351633,456.6666667,1011.937842,2.215922281,244.8,59.3,15.2,170.3,313.1728941,28.33333333,31.0,14.83333333,0.333333333,35.0,4.833333333,27.83333333,102.6666667,0.0,0.0,21.83553633,46.50402439,35876,0.0,0.0,0.0,35,SALT LAKE
1634,351634,1.0,1.0,1.0,1125.8,103.3,408.2,614.3,1126.66683,26.0,77.33333333,253.1666667,155.0,126.1666667,36.83333333,2.666666667,448.6666667,0.0,0.0,0.833496434,0.0,35479,0.0,0.0,0.0,35,SALT LAKE
1635,351635,950.6666667,2111.165191,2.220720748,2351.7,744.5,77.8,1529.3,2465.842562,679.0,65.5,29.16666667,48.66666667,639.5,74.16666667,70.66666667,745.0,0.0,0.0,17.3341513,96.84174357,35479,0.0,0.0,0.0,35,SALT LAKE
1636,351636,599.0,1383.946326,2.310427924,622.3,167.7,15.0,439.7,790.8472657,30.33333333,137.3333333,3.166666667,11.83333333,266.3333333,21.33333333,44.66666667,107.3333333,0.0,0.0,107.8417513,60.67218104,37996,17.23076923,7.384615385,7.384615385,35,SALT LAKE
1637,351637,404.6666667,907.085932,2.241563259,1051.8,275.8,229.2,546.8,1152.009624,181.5,94.33333333,56.83333333,172.3333333,123.1666667,68.33333333,150.6666667,204.6666667,0.0,0.0,59.00602191,41.17026858,37996,0.0,0.0,0.0,35,SALT LAKE
1638,351638,553.0,1346.96919,2.435748987,1150.3,450.5,81.8,618.0,1216.171985,385.5,65.0,1.833333333,80.0,86.16666667,121.8333333,154.1666667,255.8333333,0.0,0.0,9.667145915,56.17150539,48010,555.0,0.0,0.0,35,SALT LAKE
1639,351639,1036.333333,2180.401216,2.10395743,94.2,25.5,4.3,64.3,224.8461203,11.66666667,13.83333333,1.166666667,3.166666667,29.33333333,2.333333333,7.833333333,24.83333333,0.0,0.0,25.336791,105.3426626,56009,0.0,0.0,0.0,35,SALT LAKE
1640,351640,400.5,932.3157155,2.327879439,752.5,220.5,5.8,526.2,793.3368644,108.0,112.5,3.166666667,2.666666667,41.5,112.6666667,167.6666667,204.3333333,0.0,0.0,0.0,40.83686436,45835,0.0,0.0,0.0,35,SALT LAKE
1641,351641,563.3333333,1306.467978,2.319173925,62.3,14.5,5.7,42.2,133.1728372,13.83333333,0.666666667,5.5,0.166666667,30.5,2.833333333,6.5,2.333333333,0.0,0.0,13.3345503,57.5049536,52019,0.0,0.0,0.0,35,SALT LAKE
1642,351642,247.0,609.2082182,2.466430033,142.2,53.7,42.5,46.0,174.5025274,22.33333333,31.33333333,7.166666667,35.33333333,19.83333333,3.166666667,3.333333333,19.66666667,0.0,0.0,7.333674545,25.0021862,49461,0.0,0.0,0.0,35,SALT LAKE
1643,351643,723.6666667,1746.018938,2.412739205,128.3,11.2,0.5,116.7,221.1741839,10.83333333,0.333333333,0.166666667,0.333333333,0.833333333,51.83333333,50.16666667,13.83333333,0.0,0.0,19.16785844,73.67299216,51884,477.0,0.0,0.0,35,SALT LAKE
1644,351644,556.5,1112.823488,1.999682817,660.8,274.2,6.8,379.8,718.0050006,30.5,243.6666667,2.333333333,4.5,40.66666667,9.0,56.33333333,273.8333333,0.0,0.0,0.666696773,56.50497045,65120,0.0,0.0,0.0,35,SALT LAKE
1645,351645,815.8333333,1477.781663,1.811376911,906.8,197.0,15.2,694.7,1027.840688,6.0,191.0,0.0,15.16666667,67.16666667,11.66666667,103.3333333,512.5,0.0,0.0,38.00012043,83.00723444,39153,0.0,0.0,0.0,35,SALT LAKE
1646,351646,158.3333333,361.921843,2.285822167,495.3,98.5,4.8,392.0,516.8350305,29.66666667,68.83333333,4.666666667,0.166666667,28.5,151.0,39.5,173.0,0.0,0.0,5.333662011,16.16803518,36926,0.0,911.2,1366.8,35,SALT LAKE
1647,351647,157.6666667,300.942027,1.908723216,4708.5,1605.2,98.3,3005.0,4725.168129,1149.0,456.1666667,3.833333333,94.5,639.8333333,7.833333333,59.66666667,2297.666667,0.0,0.0,0.666696773,16.00143267,43880,0.0,0.0,0.0,35,SALT LAKE
1648,351648,1333.333333,3014.281502,2.260711127,2231.0,418.7,88.7,1723.7,2449.016117,174.0,244.6666667,43.0,45.66666667,803.6666667,142.5,82.5,695.0,0.0,0.0,82.17086924,135.8452476,55701,53.84615385,23.07692308,23.07692308,35,SALT LAKE
1649,351649,739.3333333,1368.671597,1.851223981,647.0,19.3,10.3,617.3,722.17334,1.0,18.33333333,2.333333333,8.0,87.33333333,89.66666667,116.6666667,323.6666667,0.0,0.0,0.0,75.17334001,51799,0.0,0.0,0.0,35,SALT LAKE
1650,351650,333.1666667,723.382523,2.171233186,213.3,16.8,41.8,154.7,249.003036,15.33333333,1.5,5.166666667,36.66666667,19.5,5.0,28.16666667,102.0,0.0,0.0,1.833416126,33.83628656,58656,0.0,0.0,0.0,35,SALT LAKE
1651,351651,429.1666667,1057.946643,2.465118392,731.5,229.0,138.5,364.0,817.3409739,147.1666667,81.83333333,0.0,138.5,49.5,10.5,153.6666667,150.3333333,0.0,0.0,42.0037311,43.83724277,56869,0.0,0.0,0.0,35,SALT LAKE
1652,351652,1430.166667,2901.952274,2.029100763,2174.7,1340.0,68.5,766.2,2353.182813,1016.666667,323.3333333,52.16666667,16.33333333,70.66666667,35.16666667,114.6666667,545.6666667,0.0,0.0,33.00333716,145.5128096,59531,0.0,0.0,0.0,35,SALT LAKE
1653,351653,511.8333333,1290.737349,2.521792281,1397.0,174.7,18.7,1203.7,1473.839965,81.0,93.66666667,10.0,8.666666667,258.6666667,84.33333333,663.6666667,197.0,0.0,0.0,24.5019621,52.33800302,68927,666.0,0.0,0.0,35,SALT LAKE
1654,351654,126.3333333,307.664007,2.435335148,11.3,0.0,0.0,11.3,25.33465608,0.0,0.0,0.0,0.0,0.166666667,0.5,8.166666667,2.5,0.0,0.0,1.000180663,13.00114209,60705,0.0,0.0,0.0,35,SALT LAKE
1655,351655,733.1666667,1601.163907,2.183901668,690.3,122.2,28.5,539.7,806.5138753,90.33333333,31.83333333,27.83333333,0.666666667,19.83333333,144.1666667,192.3333333,183.3333333,0.0,0.0,41.34040689,74.84013504,50859,324.0,0.0,0.0,35,SALT LAKE
1656,351656,931.5,2279.90156,2.447559378,646.2,131.8,14.5,499.8,773.8432446,79.33333333,52.5,5.333333333,9.166666667,67.33333333,34.5,95.0,303.0,0.0,0.0,32.83492899,94.84164894,81118,0.0,0.0,0.0,35,SALT LAKE
1657,351657,187.1666667,600.5052589,3.208398534,9852.2,834.8,465.7,8551.7,9893.17211,83.83333333,751.0,8.333333333,457.3333333,2586.5,610.0,203.0,5152.166667,0.0,0.0,22.00377388,19.00166921,133248,0.0,0.0,0.0,35,SALT LAKE
1658,351658,304.1666667,855.9016705,2.8139233,4627.5,1334.8,4.0,3288.7,4767.847817,127.6666667,1207.166667,3.5,0.5,906.0,174.6666667,177.3333333,2030.666667,0.0,0.0,109.5119462,30.83587104,133248,169.0,53.0,49.0,35,SALT LAKE
1659,351659,0.166666667,0.764560802,4.58736481,2.3,0.3,0.3,1.7,115.9475383,0.0,0.333333333,0.166666667,0.166666667,0.666666667,0.0,0.666666667,0.333333333,0.0,113.614205,0.0,0.0,132290,0.0,0.0,0.0,35,SALT LAKE
1660,351660,750.0,1854.088808,2.47211841,786.5,111.2,15.2,660.2,881.6750215,55.66666667,55.5,0.166666667,15.0,62.16666667,26.83333333,206.5,364.6666667,0.0,0.0,18.83489649,76.34012497,57577,0.0,0.0,0.0,35,SALT LAKE
1661,351661,644.1666667,1524.871959,2.367200971,868.5,160.7,7.2,700.7,935.005774,110.8333333,49.83333333,0.5,6.666666667,47.83333333,420.6666667,45.0,187.1666667,0.0,0.0,1.000060214,65.50571383,78909,549.0,925.0,0.0,35,SALT LAKE
1662,351662,992.6666667,2047.275653,2.06239992,405.7,2.3,3.2,400.2,508.5089465,0.333333333,2.0,2.166666667,1.0,13.0,160.3333333,112.3333333,114.5,0.0,0.0,1.666767023,101.1755128,44559,9.0,818.0,1227.0,35,SALT LAKE
1663,351663,308.8333333,835.8745137,2.70655536,143.0,8.8,18.0,116.2,186.5035182,7.833333333,1.0,0.0,18.0,16.5,14.16666667,39.5,46.0,0.0,0.0,12.00067991,31.5028383,138958,0.0,0.0,0.0,35,SALT LAKE
1664,351664,725.8333333,1767.886803,2.435664941,25.2,0.2,4.2,20.8,103.0071075,0.0,0.166666667,0.0,4.166666667,4.0,1.833333333,0.833333333,14.16666667,0.0,0.0,4.00051187,73.83992899,64147,0.0,0.0,0.0,35,SALT LAKE
1665,351665,459.3333333,1115.413465,2.428331201,26.8,5.3,0.2,21.3,73.50422703,5.333333333,0.0,0.0,0.166666667,2.333333333,2.833333333,12.66666667,3.5,0.0,0.0,0.0,46.67089369,82247,0.0,0.0,0.0,35,SALT LAKE
1666,351666,1042.333333,2464.052372,2.363977332,562.7,147.7,26.3,388.7,749.8494888,19.0,128.6666667,17.33333333,9.0,40.33333333,38.33333333,34.33333333,275.6666667,0.0,0.0,81.17344887,106.0093733,93586,5.0,0.0,0.0,35,SALT LAKE
1667,351667,838.8333333,2181.314145,2.60041424,62.3,0.0,0.3,62.0,168.8423507,0.0,0.0,0.166666667,0.166666667,15.66666667,2.5,19.0,24.83333333,0.0,0.0,21.16838543,85.34063194,94541,0.0,0.0,0.0,35,SALT LAKE
1668,351668,263.1666667,643.6122354,2.445644973,160.5,102.0,5.7,52.8,293.0097542,0.166666667,101.8333333,0.0,5.666666667,0.5,25.83333333,13.0,13.5,0.0,0.0,105.8410938,26.66866038,87793,0.0,0.0,0.0,35,SALT LAKE
1669,351669,289.0,724.1500653,2.505709568,193.3,0.2,1.2,192.0,229.1696125,0.166666667,0.0,0.0,1.166666667,1.0,172.1666667,0.0,18.83333333,0.0,0.0,6.333646944,29.5026322,68779,709.0,0.0,0.0,35,SALT LAKE
1670,351670,192.3333333,481.1350322,2.501568625,125.5,35.8,25.3,64.3,161.0041597,7.666666667,28.16666667,1.333333333,24.0,11.66666667,2.833333333,3.166666667,46.66666667,0.0,0.0,16.0023486,19.50181107,68779,0.0,0.0,0.0,35,SALT LAKE
1671,351671,472.1666667,1298.210965,2.749476099,87.8,3.8,20.0,64.0,135.8375503,3.833333333,0.0,12.5,7.5,1.833333333,6.0,10.0,46.16666667,0.0,0.0,0.0,48.00421694,35822,0.0,0.0,0.0,35,SALT LAKE
1672,351672,277.0,722.314718,2.607634361,219.0,67.0,25.8,126.2,248.3360516,65.66666667,1.333333333,4.333333333,21.5,27.33333333,5.166666667,2.833333333,90.83333333,0.0,0.0,1.000180663,28.33587091,44265,0.0,0.0,0.0,35,SALT LAKE
1673,351673,725.6666667,1854.976764,2.556238076,1315.8,208.3,134.5,973.0,1545.340336,194.6666667,13.66666667,95.33333333,39.16666667,201.3333333,29.33333333,28.0,714.3333333,0.0,0.0,155.8341287,73.67287381,34823,0.0,0.0,0.0,35,SALT LAKE
1674,351674,876.0,2243.210851,2.56074298,1008.0,238.8,4.7,764.5,1116.009559,169.1666667,69.66666667,1.0,3.666666667,52.16666667,111.0,34.66666667,566.6666667,0.0,0.0,19.00099357,89.00856537,34152,463.0,0.0,0.0,35,SALT LAKE
1675,351675,969.8333333,2149.225947,2.216077622,186.2,51.5,25.3,109.3,299.6763593,23.33333333,28.16666667,1.833333333,23.5,2.666666667,73.66666667,6.166666667,26.83333333,0.0,0.0,14.83414622,98.67554646,37891,0.0,910.0,0.0,35,SALT LAKE
1676,351676,418.0,968.8385709,2.317795624,263.7,9.5,164.7,89.5,337.8419812,8.166666667,1.333333333,24.66666667,140.0,1.5,4.833333333,0.0,83.16666667,0.0,0.0,31.67173276,42.50358178,52085,0.0,0.0,0.0,35,SALT LAKE
1677,351677,665.8333333,1604.339203,2.409520706,113.2,0.5,0.3,112.3,212.6737182,0.0,0.5,0.166666667,0.166666667,1.666666667,5.666666667,100.1666667,4.833333333,0.0,0.0,31.83446485,67.67258664,52085,0.0,0.0,0.0,35,SALT LAKE
1678,351678,407.8333333,921.7521833,2.260119779,375.8,28.5,14.3,333.0,553.6808654,9.0,19.5,14.0,0.333333333,212.8333333,26.33333333,41.33333333,52.5,0.0,0.0,136.5111709,41.33636115,69252,0.0,0.0,0.0,35,SALT LAKE
1679,351679,588.1666667,1512.495413,2.571542215,124.7,31.0,5.7,88.0,192.8396616,31.0,0.0,1.333333333,4.333333333,8.666666667,0.666666667,71.66666667,7.0,0.0,0.0,8.334397211,59.83859776,70058,0.0,0.0,0.0,35,SALT LAKE
1680,351680,792.6666667,1869.982541,2.359103289,2161.0,315.2,3.5,1842.3,2241.507113,168.5,146.6666667,3.5,0.0,56.33333333,75.33333333,251.3333333,1459.333333,0.0,0.0,0.0,80.5071127,52826,0.0,0.0,0.0,35,SALT LAKE
1681,351681,456.6666667,1338.717634,2.931498468,186.0,6.5,3.0,176.5,239.671163,0.166666667,6.333333333,2.0,1.0,28.5,51.5,73.83333333,22.66666667,0.0,0.0,7.333774901,46.33738809,55031,461.0,0.0,0.0,35,SALT LAKE
1682,351682,470.0,1287.361256,2.739066501,176.2,50.2,0.0,126.0,223.6707991,17.16666667,33.0,0.0,0.0,5.833333333,8.833333333,20.0,91.33333333,0.0,0.0,0.0,47.50413248,66866,0.0,0.0,0.0,35,SALT LAKE
1683,351683,533.1666667,1298.367573,2.435200199,671.8,103.5,26.8,541.5,729.5053804,16.83333333,86.66666667,0.833333333,26.0,166.0,27.0,214.6666667,133.8333333,0.0,0.0,3.500659927,54.17138709,93107,0.0,0.0,0.0,35,SALT LAKE
1684,351684,604.1666667,1573.778847,2.604875333,0.0,0.0,0.0,0.0,63.17220373,0.0,0.0,0.0,0.0,0.0,0.0,0.0,0.0,0.0,0.0,1.666767023,61.50543671,75471,0.0,0.0,0.0,35,SALT LAKE
1685,351685,381.0,1062.99362,2.7900095,448.5,1.2,10.7,436.7,488.503622,1.0,0.166666667,0.666666667,10.0,107.5,60.5,164.5,104.1666667,0.0,0.0,1.000195721,39.00342626,116319,392.0,0.0,0.0,35,SALT LAKE
1686,351686,668.1666667,1688.103787,2.52647112,156.3,7.5,6.2,142.7,257.3408592,6.5,1.0,0.0,6.166666667,8.5,76.83333333,21.83333333,35.5,0.0,0.0,32.83483113,68.17269471,65478,548.0,0.0,0.0,35,SALT LAKE
1687,351687,252.3333333,683.4976333,2.708709247,196.5,0.0,0.0,196.5,222.1689238,0.0,0.0,0.0,0.0,178.1666667,6.166666667,10.5,1.666666667,0.0,0.0,0.0,25.66892382,91372,0.0,0.0,0.0,35,SALT LAKE
1688,351688,1353.833333,3530.723714,2.607945621,980.2,329.2,18.0,633.0,1119.012416,254.0,75.16666667,1.166666667,16.83333333,25.83333333,116.6666667,196.6666667,293.8333333,0.0,0.0,1.166895008,137.6788545,86125,450.0,0.0,0.0,35,SALT LAKE
1689,351689,1451.5,3727.152296,2.567793521,628.2,269.5,42.3,316.3,903.519843,185.0,84.5,1.833333333,40.5,6.5,183.1666667,57.66666667,69.0,0.0,0.0,127.6737675,147.6794088,99508,439.0,0.0,0.0,35,SALT LAKE
1690,351690,323.3333333,747.8428159,2.312915925,170.2,76.8,1.5,91.8,206.5032588,52.16666667,24.66666667,1.166666667,0.333333333,38.0,2.666666667,6.5,44.66666667,0.0,0.0,3.333513996,33.00307814,33370,0.0,0.0,0.0,35,SALT LAKE
1691,351691,354.3333333,845.5081786,2.386194295,54.0,14.2,25.5,14.3,239.8551969,14.0,0.166666667,21.5,4.0,0.5,1.5,4.5,7.833333333,0.0,0.0,149.8518586,36.00333832,33370,11.0,0.0,0.0,35,SALT LAKE
1692,351692,324.6666667,788.7948689,2.429552984,60.8,6.3,5.3,49.2,119.5048675,6.166666667,0.166666667,5.166666667,0.166666667,9.166666667,1.833333333,2.833333333,35.33333333,0.0,0.0,25.50192445,33.16960973,73770,0.0,0.0,0.0,35,SALT LAKE
1693,351693,527.1666667,1283.682279,2.43505965,346.5,49.8,0.5,296.2,436.841512,32.66666667,17.16666667,0.5,0.0,28.33333333,132.1666667,58.33333333,77.33333333,0.0,0.0,36.83654499,53.50496696,56141,541.0,0.0,0.0,35,SALT LAKE
1694,351694,1051.0,2455.507687,2.33635365,694.2,84.2,1.5,608.5,805.5106287,73.5,10.66666667,1.166666667,0.333333333,104.1666667,34.83333333,46.33333333,423.1666667,0.0,0.0,4.500812984,106.843149,43582,0.0,0.0,0.0,35,SALT LAKE
1695,351695,275.0,731.9491955,2.661633438,109.0,5.8,5.7,97.5,157.5030035,0.166666667,5.666666667,0.0,5.666666667,18.83333333,7.166666667,42.33333333,29.16666667,0.0,0.0,20.66686236,27.83614109,66222,0.0,0.0,0.0,35,SALT LAKE
1696,351696,590.0,1505.310664,2.551374008,1452.0,953.2,2.7,496.2,1675.5367,718.5,234.6666667,1.833333333,0.833333333,54.83333333,85.16666667,91.83333333,264.3333333,0.0,0.0,163.5315838,60.00511582,66222,0.0,0.0,0.0,35,SALT LAKE
1697,351697,518.1666667,1359.360627,2.623404234,338.3,71.2,6.3,260.8,392.0046926,25.33333333,45.83333333,0.333333333,6.0,8.666666667,57.33333333,21.83333333,173.0,0.0,0.0,1.166736916,52.50462239,81535,597.0,0.0,0.0,35,SALT LAKE
1698,351698,345.1666667,1068.953396,3.096919544,0.0,0.0,0.0,0.0,35.00307485,0.0,0.0,0.0,0.0,0.0,0.0,0.0,0.0,0.0,0.0,0.0,35.00307485,78872,0.0,0.0,0.0,35,SALT LAKE
1699,351699,393.3333333,1042.819023,2.651234805,1089.5,131.3,2.0,956.2,1129.503514,110.0,21.33333333,0.5,1.5,287.0,52.0,168.3333333,448.8333333,0.0,0.0,0.0,40.00351412,71455,10.0,0.0,0.0,35,SALT LAKE
1700,351700,455.0,1232.340534,2.708440734,0.0,0.0,0.0,0.0,46.33737121,0.0,0.0,0.0,0.0,0.0,0.0,0.0,0.0,0.0,0.0,0.0,46.33737121,79025,0.0,0.0,0.0,35,SALT LAKE
1701,351701,1338.333333,3663.089325,2.737053045,1095.0,460.5,4.3,630.2,1234.678694,361.6666667,98.83333333,4.333333333,0.0,4.5,248.8333333,147.1666667,229.6666667,0.0,0.0,3.333416126,136.345278,77211,512.0,0.0,0.0,35,SALT LAKE
1702,351702,786.0,2307.564746,2.93583301,178.7,0.2,41.8,136.7,336.3443078,0.0,0.166666667,0.0,41.83333333,16.16666667,92.5,0.0,28.0,0.0,0.0,77.67039001,80.0072511,120022,0.0,909.0,0.0,35,SALT LAKE
1703,351703,1173.833333,3026.865211,2.578615827,4898.0,564.8,136.0,4197.2,5931.919186,305.6666667,259.1666667,42.66666667,93.33333333,1381.833333,119.5,234.0,2461.833333,0.0,0.0,914.5773743,119.3418119,31449,0.0,0.0,0.0,35,SALT LAKE
1704,351704,234.3333333,555.5957433,2.370963343,3257.8,137.8,1355.0,1765.0,3710.728519,94.83333333,43.0,1343.666667,11.33333333,175.6666667,94.33333333,5.666666667,1489.333333,0.0,0.0,429.0602436,23.83494189,31449,0.0,0.0,0.0,35,SALT LAKE
1705,351705,955.6666667,2349.584033,2.45858113,5406.8,452.2,244.3,4710.3,5975.209315,389.8333333,62.33333333,192.3333333,52.0,1039.5,495.0,92.16666667,3083.666667,0.0,0.0,471.2002222,97.17575914,31449,0.0,0.0,0.0,35,SALT LAKE
1706,351706,195.8333333,510.007724,2.604294761,2587.8,117.7,54.5,2415.7,2727.179858,29.83333333,87.83333333,49.5,5.0,978.3333333,100.0,336.3333333,1001.0,0.0,0.0,119.5105458,19.83597872,58615,0.0,0.0,0.0,35,SALT LAKE
1707,351707,146.3333333,358.3940224,2.449161884,243.0,0.3,0.0,242.7,262.0011827,0.0,0.333333333,0.0,0.0,20.83333333,121.8333333,0.0,100.0,0.0,0.0,4.0,15.00118268,58615,0.0,892.0,0.0,35,SALT LAKE
1708,351708,584.8333333,1553.292851,2.655958139,2079.7,220.3,1.7,1857.7,2150.506165,59.83333333,160.5,1.5,0.166666667,23.33333333,1124.5,6.333333333,703.5,0.0,0.0,11.33420649,59.50529147,58615,0.0,0.0,57.0,35,SALT LAKE
1709,351709,1314.166667,3469.314874,2.639935224,2632.8,91.5,230.8,2310.5,3173.056559,26.83333333,64.66666667,226.5,4.333333333,1349.5,137.1666667,66.0,757.8333333,0.0,0.0,406.3814078,133.8418184,68462,0.0,860.0,1290.0,35,SALT LAKE
1710,351710,285.3333333,821.5113902,2.879128704,266.5,6.8,0.7,259.0,465.352883,0.0,6.833333333,0.666666667,0.0,184.3333333,3.833333333,5.333333333,65.5,0.0,0.0,169.8502373,29.00264566,68462,0.0,0.0,0.0,35,SALT LAKE
1711,351711,479.8333333,1315.481879,2.741539171,661.5,84.8,3.5,573.2,726.3382331,58.16666667,26.66666667,0.166666667,3.333333333,132.6666667,68.66666667,97.5,274.3333333,0.0,0.0,16.16739675,48.67083634,71760,0.0,0.0,0.0,35,SALT LAKE
1712,351712,780.5,1929.441819,2.472058705,60.3,0.8,0.2,59.3,140.0074234,0.166666667,0.666666667,0.166666667,0.0,27.5,0.833333333,2.666666667,28.33333333,0.0,0.0,0.333333333,79.34075672,68462,0.0,0.0,0.0,35,SALT LAKE
1713,351713,381.3333333,990.5623092,2.597628433,353.5,49.3,12.7,291.5,543.1899439,46.83333333,2.5,8.5,4.166666667,179.8333333,16.33333333,10.33333333,85.0,0.0,0.0,151.1862206,38.50372336,62062,0.0,0.0,0.0,35,SALT LAKE
1714,351714,517.5,1196.213733,2.311524122,944.0,271.0,40.8,632.2,1069.683977,46.0,225.0,9.333333333,31.5,200.5,75.66666667,57.83333333,298.1666667,0.0,0.0,73.17988518,52.50409228,51464,57.07692308,24.46153846,31.46153846,35,SALT LAKE
1715,351715,691.6666667,1931.131424,2.79199724,3047.5,227.5,20.7,2799.3,3128.34078,140.0,87.5,6.833333333,13.83333333,251.3333333,364.3333333,1474.666667,709.0,0.0,0.0,10.33471839,70.50606192,57225,828.0,136.0,136.0,35,SALT LAKE
1716,351716,458.6666667,1261.532655,2.750434568,55.3,1.7,1.0,52.7,101.8373915,1.333333333,0.333333333,1.0,0.0,19.33333333,1.666666667,24.66666667,7.0,0.0,0.0,0.0,46.50405813,57746,0.0,0.0,0.0,35,SALT LAKE
1717,351717,439.5,1333.67112,3.034519045,447.8,26.3,0.0,421.5,492.6706133,25.33333333,1.0,0.0,0.0,43.66666667,106.6666667,109.5,161.6666667,0.0,0.0,0.0,44.83727996,54774,0.0,779.0,0.0,35,SALT LAKE
1718,351718,333.0,836.7914773,2.512887319,944.7,6.3,18.2,920.2,981.1697212,0.333333333,6.0,18.16666667,0.0,285.0,255.0,196.0,184.1666667,0.0,0.0,2.666666667,33.83638787,63404,800.0,218.0,217.0,35,SALT LAKE
1719,351719,270.3333333,750.438338,2.775974123,1083.5,449.7,4.7,629.2,1165.676247,271.3333333,178.3333333,2.166666667,2.5,16.33333333,103.0,53.0,456.8333333,0.0,0.0,54.67406368,27.5021829,70422,181.0,39.0,0.0,35,SALT LAKE
1720,351720,1050.166667,2909.130982,2.770161227,290.5,12.3,7.8,270.3,400.0097958,9.333333333,3.0,0.166666667,7.666666667,0.666666667,170.3333333,18.66666667,80.66666667,0.0,0.0,2.667163493,106.8426323,71862,0.0,0.0,0.0,35,SALT LAKE
1721,351721,506.6666667,1529.612081,3.018971213,177.3,0.0,3.3,174.0,231.0044901,0.0,0.0,0.166666667,3.166666667,8.666666667,125.1666667,3.5,36.66666667,0.0,0.0,2.333393546,51.33776323,101380,798.0,0.0,0.0,35,SALT LAKE
1722,351722,1023.666667,2841.127503,2.775442041,447.2,164.2,0.0,283.0,558.3429456,135.6666667,28.5,0.0,0.0,7.5,5.0,152.0,118.5,0.0,0.0,7.167351653,104.0089273,81278,0.0,0.0,0.0,35,SALT LAKE
1723,351723,724.8333333,2127.51091,2.935172559,539.8,34.8,6.8,498.2,613.673134,9.0,25.83333333,2.833333333,4.0,38.83333333,109.1666667,5.833333333,344.3333333,0.0,0.0,0.0,73.83980068,95737,0.0,0.0,0.0,35,SALT LAKE
1724,351724,331.8333333,1014.238996,3.056471107,0.0,0.0,0.0,0.0,33.83628318,0.0,0.0,0.0,0.0,0.0,0.0,0.0,0.0,0.0,0.0,0.0,33.83628318,144776,0.0,0.0,0.0,35,SALT LAKE
1725,351725,186.5,485.2619632,2.601940822,15.0,0.0,0.0,15.0,36.50174015,0.0,0.0,0.0,0.0,0.166666667,1.833333333,0.833333333,12.16666667,0.0,0.0,2.333333333,19.16840681,116026,0.0,0.0,0.0,35,SALT LAKE
1726,351726,100.5,267.0085753,2.656801745,0.3,0.0,0.2,0.2,10.50084139,0.0,0.0,0.0,0.166666667,0.166666667,0.0,0.0,0.0,0.0,0.0,0.0,10.16750806,116026,0.0,0.0,0.0,35,SALT LAKE
1727,351727,806.8333333,2135.930992,2.647301374,5039.7,823.8,167.0,4048.8,5526.201558,547.5,276.3333333,32.5,134.5,999.6666667,154.0,193.5,2701.666667,0.0,0.0,404.5357423,81.99914881,69269,0.0,0.0,0.0,35,SALT LAKE
1728,351728,5.833333333,14.97438127,2.56703679,8521.3,4656.0,31.5,3833.8,8652.025517,3209.666667,1446.333333,26.16666667,5.333333333,209.1666667,231.3333333,123.8333333,3269.5,0.0,0.0,130.192143,0.50004056,69269,0.0,0.0,0.0,35,SALT LAKE
1729,351729,566.1666667,1520.992291,2.686474462,6768.2,4155.0,352.7,2260.5,7526.714004,3446.0,709.0,315.0,37.66666667,828.0,162.1666667,437.5,832.8333333,0.0,0.0,701.2060541,57.34128356,69269,0.0,0.0,0.0,35,SALT LAKE
1730,351730,405.3333333,1121.175669,2.766058393,2494.3,1187.7,11.0,1295.7,3125.060445,774.1666667,413.5,10.66666667,0.333333333,230.1666667,52.16666667,64.16666667,949.1666667,0.0,0.0,589.222645,41.50446686,72945,0.0,0.0,0.0,35,SALT LAKE
1731,351731,652.1666667,1903.912014,2.919364192,81.0,12.2,7.3,61.5,164.6758529,10.5,1.666666667,4.333333333,3.0,30.66666667,1.166666667,0.0,29.66666667,0.0,0.0,17.50342512,66.17242782,71997,0.0,0.0,0.0,35,SALT LAKE
1732,351732,895.0,2374.348408,2.652903249,428.3,196.5,0.2,231.7,519.3414292,20.66666667,175.8333333,0.166666667,0.0,22.16666667,82.66666667,2.0,124.8333333,0.0,0.0,0.0,91.00809591,51507,611.0,0.0,0.0,35,SALT LAKE
1733,351733,412.3333333,1026.320997,2.489056581,749.2,347.7,2.2,399.3,818.3382471,232.5,115.1666667,1.333333333,0.833333333,68.0,10.66666667,206.6666667,114.0,0.0,0.0,27.33469566,41.83688473,55510,0.0,0.0,0.0,35,SALT LAKE
1734,351734,323.0,826.2471967,2.558040857,739.7,71.3,1.5,666.8,772.6695658,64.66666667,6.666666667,1.5,0.0,86.83333333,138.1666667,309.3333333,132.5,0.0,0.0,0.0,33.00289915,61263,0.0,0.0,0.0,35,SALT LAKE
1735,351735,540.8333333,1391.728121,2.573303151,1290.8,496.5,49.2,745.2,1436.183337,440.0,56.5,40.0,9.166666667,200.1666667,322.8333333,47.5,174.6666667,0.0,0.0,90.51132886,54.83867528,55510,621.0,2271.0,0.0,35,SALT LAKE
1736,351736,341.5,993.6035927,2.909527358,0.0,0.0,0.0,0.0,35.67794401,0.0,0.0,0.0,0.0,0.0,0.0,0.0,0.0,1.008273417,0.0,0.0,34.66967059,61263,0.0,0.0,0.0,35,SALT LAKE
1737,351737,523.3333333,1225.918379,2.342519195,99.8,46.8,0.2,52.8,153.1712621,46.16666667,0.666666667,0.166666667,0.0,11.83333333,18.0,4.5,18.5,0.0,0.0,0.0,53.33792877,55218,0.0,0.0,0.0,35,SALT LAKE
1738,351738,398.3333333,1206.661137,3.029274821,243.7,4.8,1.3,237.5,284.0035479,2.666666667,2.166666667,0.833333333,0.5,13.66666667,65.66666667,32.0,126.1666667,0.0,0.0,0.0,40.33688126,68320,0.0,0.0,0.0,35,SALT LAKE
1739,351739,478.5,1507.760861,3.151015383,306.7,13.5,0.8,292.3,355.1708701,13.5,0.0,0.833333333,0.0,105.8333333,71.16666667,40.0,75.33333333,0.0,0.0,0.0,48.50420345,76848,547.0,721.2,1081.8,35,SALT LAKE
1740,351740,392.1666667,1214.762679,3.097567392,421.7,5.2,0.3,416.2,461.6701808,5.166666667,0.0,0.0,0.333333333,18.66666667,225.8333333,147.6666667,24.0,0.0,0.0,0.0,40.00351412,86967,0.0,0.0,0.0,35,SALT LAKE
1741,351741,300.3333333,815.3893283,2.714947819,145.3,22.8,1.2,121.3,211.5049556,1.166666667,21.66666667,0.166666667,1.0,3.833333333,2.166666667,15.33333333,100.0,0.0,0.0,35.50197214,30.66965014,71430,0.0,0.0,0.0,35,SALT LAKE
1742,351742,414.1666667,1206.355785,2.912730265,72.2,9.0,4.3,58.8,119.1708713,8.0,1.0,0.0,4.333333333,0.666666667,57.16666667,0.0,1.0,0.0,0.0,5.000376375,42.0038283,77937,629.0,0.0,0.0,35,SALT LAKE
1743,351743,412.1666667,1167.230293,2.83193763,78.2,22.3,20.7,35.2,120.1703565,22.33333333,0.0,20.66666667,0.0,7.333333333,13.0,0.0,14.83333333,0.0,0.0,0.0,42.00368982,93167,0.0,0.0,0.0,35,SALT LAKE
1744,351744,503.0,1509.13215,3.000262723,72.2,0.2,54.5,17.5,135.0058326,0.166666667,0.0,0.0,54.5,0.0,5.333333333,0.0,12.16666667,0.0,0.0,11.50130481,51.33786114,130202,0.0,0.0,0.0,35,SALT LAKE
1745,351745,374.0,1058.416534,2.829990733,190.8,0.2,9.0,181.7,270.6731714,0.166666667,0.0,0.166666667,8.833333333,0.666666667,33.16666667,113.3333333,34.5,0.0,0.0,41.66994109,38.16989701,129834,0.0,0.0,0.0,35,SALT LAKE
1746,351746,866.1666667,2534.52344,2.92613828,259.2,21.0,34.2,204.0,347.1743977,10.0,11.0,4.833333333,29.33333333,5.833333333,105.1666667,24.5,68.5,0.0,0.0,0.0,88.00773106,81558,732.0,0.0,0.0,35,SALT LAKE
1747,351747,522.0,1582.033886,3.030716258,333.7,258.8,3.3,71.5,387.0046967,246.1666667,12.66666667,1.666666667,1.666666667,1.0,3.5,1.333333333,65.66666667,0.0,0.0,0.0,53.33803007,72411,0.0,0.0,0.0,35,SALT LAKE
1748,351748,232.1666667,812.6420447,3.500252884,0.0,0.0,0.0,0.0,23.66867042,0.0,0.0,0.0,0.0,0.0,0.0,0.0,0.0,0.0,0.0,0.0,23.66867042,91238,0.0,0.0,0.0,35,SALT LAKE
1749,351749,308.1666667,867.9777041,2.816585303,688.8,327.7,0.3,360.8,720.0024668,305.1666667,22.5,0.166666667,0.166666667,12.5,47.83333333,190.8333333,109.6666667,0.0,0.0,0.0,31.16913342,91238,0.0,8.0,24.0,35,SALT LAKE
1750,351750,439.3333333,929.1061395,2.114809119,2071.2,925.8,23.7,1121.7,2116.845513,402.1666667,523.6666667,23.5,0.166666667,76.16666667,88.66666667,253.1666667,703.6666667,1.008273417,0.0,0.0,44.67057274,51078,0.0,0.0,0.0,35,SALT LAKE
1751,351751,602.8333333,1649.110715,2.735599748,1821.7,279.2,61.8,1480.7,2115.374454,108.6666667,170.5,57.0,4.833333333,223.1666667,372.8333333,162.0,722.6666667,2.016546834,0.0,230.5185193,61.17272147,51078,620.0,435.0,605.0,35,SALT LAKE
1752,351752,625.3333333,1786.838819,2.857418154,653.8,68.3,6.7,578.8,717.5056395,44.83333333,23.5,1.333333333,5.333333333,169.0,47.33333333,243.8333333,118.6666667,0.0,0.0,0.0,63.67230613,81955,0.0,0.0,0.0,35,SALT LAKE
1753,351753,877.5,2731.995155,3.113384792,282.2,0.0,4.8,277.3,371.1745126,0.0,0.0,0.666666667,4.166666667,20.83333333,170.0,82.33333333,4.166666667,0.0,0.0,0.0,89.00784593,82182,470.0,1111.0,0.0,35,SALT LAKE
1754,351754,98.5,285.2090438,2.895523287,2096.2,643.0,98.8,1354.3,2164.50577,463.1666667,179.8333333,83.5,15.33333333,260.5,181.5,188.0,724.3333333,0.0,0.0,58.33845471,10.00064876,75595,1.0,5.0,8.0,35,SALT LAKE
1755,351755,725.8333333,2133.468694,2.939336892,65.0,21.0,0.0,44.0,164.3429159,11.83333333,9.166666667,0.0,0.0,15.16666667,1.5,5.333333333,22.0,0.0,0.0,25.66981566,73.67310023,88759,43.0,0.0,0.0,35,SALT LAKE
1756,351756,286.3333333,842.2952046,2.94165962,0.0,0.0,0.0,0.0,35.17040278,0.0,0.0,0.0,0.0,0.0,0.0,0.0,0.0,0.0,0.0,6.167780755,29.00262202,121178,0.0,0.0,0.0,35,SALT LAKE
1757,351757,19.33333333,57.62107182,2.980400267,249.0,135.2,0.5,113.3,251.1669133,130.6666667,4.5,0.5,0.0,0.666666667,37.0,22.83333333,52.83333333,0.0,0.0,0.0,2.166913315,82428,0.0,0.0,0.0,35,SALT LAKE
1758,351758,510.6666667,1561.862141,3.058476778,180.2,9.5,2.3,168.3,253.8418793,0.166666667,9.333333333,1.833333333,0.5,36.66666667,18.0,2.0,111.6666667,0.0,0.0,21.67068145,52.00453118,100960,0.0,0.0,0.0,35,SALT LAKE
1759,351759,502.1666667,1550.083757,3.086791417,38.3,0.0,8.7,29.7,91.17129867,0.0,0.0,0.0,8.666666667,12.5,6.0,4.333333333,6.833333333,0.0,0.0,1.666716845,51.1712485,128517,0.0,0.0,0.0,35,SALT LAKE
1760,351760,189.6666667,520.1099729,2.742231843,2174.7,815.0,263.3,1096.3,2215.170197,354.8333333,460.1666667,231.3333333,32.0,103.6666667,298.1666667,282.1666667,412.3333333,0.0,0.0,21.33521764,19.16831224,56147,2.0,12.0,33.0,35,SALT LAKE
1761,351761,524.3333333,1948.844391,3.716804306,1309.5,133.7,30.2,1145.7,1362.67133,62.83333333,70.83333333,8.166666667,22.0,257.3333333,267.1666667,131.3333333,489.8333333,0.0,0.0,0.0,53.17132963,117886,0.0,0.0,0.0,35,SALT LAKE
1762,351762,736.6666667,1696.669608,2.303171413,1039.5,147.0,116.7,775.8,1131.509604,136.3333333,10.66666667,20.66666667,96.0,82.66666667,148.5,3.833333333,540.8333333,0.0,0.0,17.16967524,74.83992891,56147,481.0,138.0,0.0,35,SALT LAKE
1763,351763,743.1666667,2630.046898,3.538973175,194.0,0.2,93.0,100.8,271.340244,0.166666667,0.0,0.0,93.0,6.666666667,93.66666667,0.0,0.5,0.0,0.0,1.500270995,75.839973,117886,745.0,0.0,0.0,35,SALT LAKE
1764,351764,207.0,602.0205453,2.908311813,2440.5,301.7,436.3,1702.5,2641.696598,230.3333333,71.33333333,360.1666667,76.16666667,164.6666667,430.1666667,354.6666667,753.0,1.514102088,0.0,178.5137346,21.16876149,101963,752.0,0.0,0.0,35,SALT LAKE
1765,351765,98.5,294.6728152,2.991602185,5.5,1.8,0.2,3.5,15.50087853,1.833333333,0.0,0.166666667,0.0,0.166666667,0.833333333,0.0,2.5,0.0,0.0,0.0,10.00087853,99228,0.0,0.0,0.0,35,SALT LAKE
1766,351766,349.0,1127.18505,3.229756589,0.0,0.0,0.0,0.0,38.8372013,0.0,0.0,0.0,0.0,0.0,0.0,0.0,0.0,0.0,0.0,3.500685024,35.33651628,99228,0.0,0.0,0.0,35,SALT LAKE
1767,351767,240.0,747.0779734,3.112824889,296.7,0.5,2.3,293.8,323.6898245,0.0,0.5,2.0,0.333333333,3.166666667,274.1666667,14.66666667,1.833333333,2.687678905,0.0,0.0,24.33547895,101963,775.0,221.0,563.0,35,SALT LAKE
1768,351768,292.6666667,917.9517491,3.136509393,78.5,0.0,12.8,65.7,124.6719882,0.0,0.0,8.166666667,4.666666667,0.0,65.0,0.0,0.666666667,0.0,0.0,16.66940672,29.50258153,99228,0.0,0.0,0.0,35,SALT LAKE
1769,351769,157.0,491.9871578,3.133676164,39.2,7.2,13.2,18.8,55.16807231,7.166666667,0.0,3.0,10.16666667,14.66666667,3.666666667,0.0,0.5,0.0,0.0,0.0,16.00140565,99436,0.0,0.0,0.0,35,SALT LAKE
1770,351770,514.3333333,1759.787108,3.421491461,65.3,16.0,7.7,41.7,178.6748623,16.0,0.0,0.166666667,7.5,1.0,5.666666667,0.333333333,34.66666667,0.0,0.0,61.00352255,52.3380064,110377,0.0,0.0,0.0,35,SALT LAKE
1771,351771,388.3333333,1027.840205,2.646798811,5369.8,1745.7,86.8,3537.3,5413.670949,1593.5,152.1666667,1.333333333,85.5,993.3333333,277.5,16.5,2250.0,0.0,0.0,4.334178949,39.50343644,86219,0.0,0.0,0.0,35,SALT LAKE
1772,351772,821.5,2330.6327,2.837045283,155.5,16.7,0.0,138.8,310.5147758,15.83333333,0.833333333,0.0,0.0,14.83333333,3.166666667,30.16666667,90.66666667,0.671801403,0.0,70.83550358,83.50747083,86423,0.0,0.0,0.0,35,SALT LAKE
1773,351773,232.0,626.4275843,2.700118898,394.0,135.8,3.8,254.3,1114.230077,135.0,0.833333333,2.666666667,1.166666667,82.16666667,50.0,11.0,111.1666667,0.0,0.0,696.72936,23.50071698,86219,0.0,0.0,0.0,35,SALT LAKE
1774,351774,479.5,1555.438014,3.243874899,0.0,0.0,0.0,0.0,49.00430479,0.0,0.0,0.0,0.0,0.0,0.0,0.0,0.0,0.0,0.0,0.0,49.00430479,129043,0.0,0.0,0.0,35,SALT LAKE
1775,351775,398.0,1152.708585,2.896252727,86.8,1.3,26.3,59.2,127.3368542,0.333333333,1.0,16.16666667,10.16666667,11.33333333,12.0,15.5,20.33333333,0.0,0.0,0.0,40.50352089,109702,730.0,0.0,0.0,35,SALT LAKE
1776,351776,579.6666667,1701.094259,2.934607692,106.2,6.0,0.0,100.2,165.17185,0.0,6.0,0.0,0.0,22.33333333,76.33333333,1.0,0.5,0.0,0.0,0.0,59.00518332,115069,0.0,0.0,0.0,35,SALT LAKE
1777,351777,570.5,1778.276797,3.117049599,132.2,0.3,0.5,131.3,196.1723944,0.0,0.333333333,0.166666667,0.333333333,30.5,12.5,1.666666667,86.66666667,0.0,0.0,6.000632298,58.00509547,129043,0.0,0.0,0.0,35,SALT LAKE
1778,351778,846.6666667,2277.137926,2.689532983,228.3,8.8,10.8,208.7,457.6993823,8.166666667,0.666666667,1.0,9.833333333,31.5,16.16666667,36.0,125.0,0.0,0.0,143.3587165,86.00733252,83170,0.0,0.0,0.0,35,SALT LAKE
1779,351779,355.0,946.8658854,2.667227846,1014.3,19.0,1.8,993.5,1158.016255,3.166666667,15.83333333,1.166666667,0.666666667,589.0,93.16666667,105.6666667,205.6666667,0.0,0.0,107.6803369,36.00258498,83170,0.0,0.0,0.0,35,SALT LAKE
1780,351780,331.1666667,753.0375898,2.273893074,2159.5,4.3,2.2,2153.0,2202.336314,0.0,4.333333333,1.0,1.166666667,1017.166667,138.1666667,8.833333333,988.8333333,0.0,0.0,9.0,33.83631358,83170,0.0,0.0,0.0,35,SALT LAKE
1781,351781,1085.666667,3036.75809,2.797136712,1404.8,102.3,6.5,1296.0,1726.136385,4.833333333,97.5,6.0,0.5,107.3333333,816.5,6.666666667,365.5,0.0,113.614205,97.3462782,110.3425683,83170,0.0,0.0,0.0,35,SALT LAKE
1789,491789,1.0,6.125782977,6.125782977,0.0,0.0,0.0,0.0,22.71880819,0.0,0.0,0.0,0.0,0.0,0.0,0.0,0.0,0.0,22.71880819,0.0,0.0,60612,0.0,0.0,0.0,49,UTAH
1790,491790,0.0,0.0,0.0,0.0,0.0,0.0,0.0,0.0,0.0,0.0,0.0,0.0,0.0,0.0,0.0,0.0,0.0,0.0,0.0,0.0,56366,0.0,0.0,0.0,49,UTAH
1791,491791,0.0,0.0,0.0,0.0,0.0,0.0,0.0,0.0,0.0,0.0,0.0,0.0,0.0,0.0,0.0,0.0,0.0,0.0,0.0,0.0,56366,0.0,0.0,0.0,49,UTAH
1792,491792,0.0,0.0,0.0,0.0,0.0,0.0,0.0,0.0,0.0,0.0,0.0,0.0,0.0,0.0,0.0,0.0,0.0,0.0,0.0,0.0,56366,0.0,0.0,0.0,49,UTAH
1793,491793,1.0,3.500447415,3.500447415,0.0,0.0,0.0,0.0,0.0,0.0,0.0,0.0,0.0,0.0,0.0,0.0,0.0,0.0,0.0,0.0,0.0,56366,0.0,0.0,0.0,49,UTAH
1794,491794,0.0,0.0,0.0,64.0,2.0,13.0,49.0,64.0,0.0,2.0,1.0,12.0,4.0,21.0,0.0,24.0,0.0,0.0,0.0,0.0,56366,0.0,0.0,0.0,49,UTAH
1795,491795,2.0,6.125782977,3.0628914885,0.0,0.0,0.0,0.0,0.0,0.0,0.0,0.0,0.0,0.0,0.0,0.0,0.0,0.0,0.0,0.0,0.0,56366,0.0,0.0,0.0,49,UTAH
1796,491796,0.0,0.0,0.0,233.0,5.0,82.0,146.0,240.022517089,3.0,2.0,4.0,78.0,2.0,95.0,0.0,49.0,7.022517089,0.0,0.0,0.0,56366,0.0,0.0,0.0,49,UTAH
1797,491797,77.0,262.747639,3.412307,358.0,4.0,116.0,238.0,368.03216727,2.0,2.0,2.0,114.0,4.0,161.0,1.0,72.0,10.03216727,0.0,0.0,0.0,56366,0.0,0.0,0.0,49,UTAH
1798,491798,0.0,0.0,0.0,17.0,0.0,3.0,14.0,17.0,0.0,0.0,0.0,3.0,0.0,1.0,0.0,13.0,0.0,0.0,0.0,0.0,56366,0.0,0.0,0.0,49,UTAH
1799,491799,0.0,0.0,0.0,0.0,0.0,0.0,0.0,0.0,0.0,0.0,0.0,0.0,0.0,0.0,0.0,0.0,0.0,0.0,0.0,0.0,56366,0.0,0.0,0.0,49,UTAH
1800,491800,0.0,0.0,0.0,0.0,0.0,0.0,0.0,27.08685163,0.0,0.0,0.0,0.0,0.0,0.0,0.0,0.0,27.08685163,0.0,0.0,0.0,56366,0.0,0.0,0.0,49,UTAH
1801,491801,0.0,0.0,0.0,462.0,3.0,93.0,366.0,581.0314515,0.0,3.0,0.0,93.0,6.0,233.0,13.0,114.0,0.0,0.0,119.0314515,0.0,56366,0.0,0.0,0.0,49,UTAH
1802,491802,8.0,35.87958601,4.48494825125,710.0,11.0,78.0,621.0,831.046610304,1.0,10.0,0.0,78.0,9.0,428.0,13.0,171.0,5.016083635,0.0,115.0303943,1.000132369,56366,0.0,0.0,0.0,49,UTAH
1803,491803,6.0,21.87779634,3.64629939,0.0,0.0,0.0,0.0,4.00978255,0.0,0.0,0.0,0.0,0.0,0.0,0.0,0.0,3.009650181,0.0,0.0,1.000132369,60612,0.0,0.0,0.0,49,UTAH
1804,491804,6.0,16.62712522,2.77118753667,9.0,1.0,1.0,7.0,45.033002245,1.0,0.0,0.0,1.0,2.0,5.0,0.0,0.0,8.025733816,0.0,27.00713606,1.000132369,60612,0.0,0.0,0.0,49,UTAH
1805,491805,23.0,64.75827718,2.8155772687,0.0,0.0,0.0,0.0,2.000264737,0.0,0.0,0.0,0.0,0.0,0.0,0.0,0.0,0.0,0.0,0.0,2.000264737,60612,0.0,0.0,0.0,49,UTAH
1806,491806,7.0,21.00268449,3.00038349857,0.0,0.0,0.0,0.0,1.000132369,0.0,0.0,0.0,0.0,0.0,0.0,0.0,0.0,0.0,0.0,0.0,1.000132369,60612,0.0,0.0,0.0,49,UTAH
1807,491807,1.0,1.0,1.0,0.0,0.0,0.0,0.0,6.019300362,0.0,0.0,0.0,0.0,0.0,0.0,0.0,0.0,6.019300362,0.0,0.0,0.0,60612,0.0,0.0,0.0,49,UTAH
1808,491808,5.0,19.25246078,3.850492156,0.0,0.0,0.0,0.0,0.0,0.0,0.0,0.0,0.0,0.0,0.0,0.0,0.0,0.0,0.0,0.0,0.0,60612,0.0,0.0,0.0,49,UTAH
1809,491809,0.0,0.0,0.0,0.0,0.0,0.0,0.0,0.0,0.0,0.0,0.0,0.0,0.0,0.0,0.0,0.0,0.0,0.0,0.0,0.0,60612,0.0,0.0,0.0,49,UTAH
1810,491810,0.0,0.0,0.0,0.0,0.0,0.0,0.0,25.08041817,0.0,0.0,0.0,0.0,0.0,0.0,0.0,0.0,25.08041817,0.0,0.0,0.0,60612,0.0,0.0,0.0,49,UTAH
1811,491811,0.0,0.0,0.0,0.0,0.0,0.0,0.0,34.10936872,0.0,0.0,0.0,0.0,0.0,0.0,0.0,0.0,34.10936872,0.0,0.0,0.0,60612,0.0,0.0,0.0,49,UTAH
1812,491812,5.0,15.75201337,3.150402674,5.0,0.0,1.0,4.0,14.028950543,0.0,0.0,0.0,1.0,0.0,1.0,1.0,2.0,9.028950543,0.0,0.0,0.0,60612,0.0,0.0,0.0,49,UTAH
1813,491813,0.0,0.0,0.0,620.0,12.0,137.0,471.0,632.03860072,5.0,7.0,3.0,134.0,27.0,281.0,1.0,162.0,12.03860072,0.0,0.0,0.0,60612,0.0,0.0,0.0,49,UTAH
1814,491814,0.0,0.0,0.0,0.0,0.0,0.0,0.0,9.028950543,0.0,0.0,0.0,0.0,0.0,0.0,0.0,0.0,9.028950543,0.0,0.0,0.0,60612,0.0,0.0,0.0,49,UTAH
1815,491815,1.0,4.375559269,4.375559269,8.0,0.0,1.0,7.0,18.03216727,0.0,0.0,0.0,1.0,0.0,4.0,0.0,3.0,10.03216727,0.0,0.0,0.0,60612,0.0,0.0,0.0,49,UTAH
1816,491816,11.0,36.75469786,3.34133616909,0.0,0.0,0.0,0.0,1.000132369,0.0,0.0,0.0,0.0,0.0,0.0,0.0,0.0,0.0,0.0,0.0,1.000132369,60612,0.0,0.0,0.0,49,UTAH
1817,491817,113.0,366.6718667,3.24488377611,0.0,0.0,0.0,0.0,10.00132369,0.0,0.0,0.0,0.0,0.0,0.0,0.0,0.0,0.0,0.0,0.0,10.00132369,60612,0.0,0.0,0.0,49,UTAH
1818,491818,0.0,0.0,0.0,0.0,0.0,0.0,0.0,0.0,0.0,0.0,0.0,0.0,0.0,0.0,0.0,0.0,0.0,0.0,0.0,0.0,60612,0.0,0.0,0.0,49,UTAH
1819,491819,388.0,1288.164649,3.32001198196,0.0,0.0,0.0,0.0,51.00899361,0.0,0.0,0.0,0.0,0.0,0.0,0.0,0.0,0.0,0.0,17.00449308,34.00450053,56366,0.0,0.0,0.0,49,UTAH
1820,491820,186.0,616.9538569,3.31695621989,0.0,0.0,0.0,0.0,23.024634989,0.0,0.0,0.0,0.0,0.0,0.0,0.0,0.0,7.022517089,0.0,0.0,16.0021179,56366,0.0,0.0,0.0,49,UTAH
1821,491821,278.0,948.6212495,3.41230665288,239.0,6.0,0.0,233.0,306.035208679,0.0,6.0,0.0,0.0,0.0,206.0,26.0,1.0,7.022517089,0.0,36.00951475,24.00317684,56366,0.0,0.0,0.0,49,UTAH
1822,491822,133.0,427.0545847,3.21093672707,0.0,0.0,0.0,0.0,172.04400815,0.0,0.0,0.0,0.0,0.0,0.0,0.0,0.0,0.0,0.0,161.0425521,11.00145605,56366,0.0,0.0,0.0,49,UTAH
1823,491823,469.0,1644.335173,3.50604514499,0.0,0.0,0.0,0.0,72.01362037,0.0,0.0,0.0,0.0,0.0,0.0,0.0,0.0,0.0,0.0,31.00819326,41.00542711,56366,0.0,0.0,0.0,49,UTAH
1824,491824,480.0,1624.207601,3.38376583542,162.0,7.0,2.0,153.0,258.01996353,1.0,6.0,2.0,0.0,21.0,33.0,78.0,21.0,0.0,0.0,55.01453642,41.00542711,56366,0.0,0.0,0.0,49,UTAH
1825,491825,133.0,418.3034661,3.14513884286,648.0,359.0,0.0,289.0,774.03185035,0.0,359.0,0.0,0.0,6.0,249.0,32.0,2.0,0.0,0.0,115.0303943,11.00145605,56366,0.0,0.0,0.0,49,UTAH
1826,491826,279.0,885.613196,3.17424084588,124.0,48.0,4.0,72.0,305.04467174,19.0,29.0,1.0,3.0,3.0,38.0,8.0,23.0,0.0,0.0,157.0414949,24.00317684,56366,0.0,0.0,0.0,49,UTAH
1827,491827,167.0,553.0706916,3.3118005485,236.0,72.0,2.0,162.0,416.04572676,18.0,54.0,1.0,1.0,9.0,120.0,13.0,20.0,0.0,0.0,166.0438736,14.00185316,56366,0.0,0.0,0.0,49,UTAH
1828,491828,172.0,568.822705,3.30710875,117.0,61.0,5.0,51.0,138.003571321,13.0,48.0,5.0,0.0,0.0,22.0,3.0,26.0,0.0,0.0,6.001585791,15.00198553,56366,0.0,0.0,0.0,49,UTAH
1829,491829,212.0,679.9619104,3.20736750189,107.0,18.0,3.0,86.0,244.045643838,6.0,12.0,1.0,2.0,3.0,71.0,2.0,10.0,4.012866908,0.0,115.0303943,18.00238263,56366,0.0,0.0,0.0,49,UTAH
1830,491830,106.0,309.7895962,2.92254336038,0.0,0.0,0.0,0.0,125.034802344,0.0,0.0,0.0,0.0,0.0,0.0,0.0,0.0,1.003216727,0.0,115.0303943,9.001191317,56366,0.0,0.0,0.0,49,UTAH
1831,491831,180.0,631.8307584,3.51017088,3.0,0.0,0.0,3.0,21.008551354,0.0,0.0,0.0,0.0,0.0,0.0,0.0,3.0,2.006433454,0.0,0.0,16.0021179,56366,611.0,0.0,0.0,49,UTAH
1832,491832,79.0,259.0331087,3.27890011013,0.0,0.0,0.0,0.0,54.028110755,0.0,0.0,0.0,0.0,0.0,0.0,0.0,0.0,5.016083635,0.0,42.01110054,7.00092658,60612,0.0,0.0,0.0,49,UTAH
1833,491833,204.0,668.5854563,3.27737968775,0.0,0.0,0.0,0.0,125.051329619,0.0,0.0,0.0,0.0,0.0,0.0,0.0,0.0,7.022517089,0.0,100.0264299,18.00238263,60612,0.0,0.0,0.0,49,UTAH
1834,491834,9.0,35.87958601,3.98662066778,0.0,0.0,0.0,0.0,7.013527874,0.0,0.0,0.0,0.0,0.0,0.0,0.0,0.0,4.012866908,0.0,2.000528597,1.000132369,60612,0.0,0.0,0.0,49,UTAH
1835,491835,230.0,813.854024,3.53849575652,1.0,0.0,0.0,1.0,74.043227053,0.0,0.0,0.0,0.0,0.0,1.0,0.0,0.0,9.028950543,0.0,44.01162914,20.00264737,60612,0.0,0.0,0.0,49,UTAH
1836,491836,9.0,29.75380303,3.30597811444,0.0,0.0,0.0,0.0,5.001189563,0.0,0.0,0.0,0.0,0.0,0.0,0.0,0.0,0.0,0.0,4.001057194,1.000132369,60612,0.0,0.0,0.0,49,UTAH
1837,491837,0.0,0.0,0.0,0.0,0.0,0.0,0.0,0.0,0.0,0.0,0.0,0.0,0.0,0.0,0.0,0.0,0.0,0.0,0.0,0.0,60612,0.0,0.0,0.0,49,UTAH
1838,491838,0.0,0.0,0.0,0.0,0.0,0.0,0.0,0.0,0.0,0.0,0.0,0.0,0.0,0.0,0.0,0.0,0.0,0.0,0.0,0.0,60612,0.0,0.0,0.0,49,UTAH
1839,491839,0.0,0.0,0.0,0.0,0.0,0.0,0.0,0.0,0.0,0.0,0.0,0.0,0.0,0.0,0.0,0.0,0.0,0.0,0.0,0.0,60612,0.0,0.0,0.0,49,UTAH
1840,491840,0.0,0.0,0.0,0.0,0.0,0.0,0.0,2.006433454,0.0,0.0,0.0,0.0,0.0,0.0,0.0,0.0,2.006433454,0.0,0.0,0.0,60612,0.0,0.0,0.0,49,UTAH
1841,491841,14.0,38.50492157,2.75035154071,47.0,23.0,0.0,24.0,54.010575446,18.0,5.0,0.0,0.0,1.0,9.0,12.0,2.0,3.009650181,0.0,3.000792896,1.000132369,60612,0.0,0.0,0.0,49,UTAH
1842,491842,95.0,322.0411622,3.38990697053,57.0,15.0,3.0,39.0,65.001058948,7.0,8.0,1.0,2.0,0.0,28.0,0.0,11.0,0.0,0.0,0.0,8.001058948,60612,118.0,0.0,0.0,49,UTAH
1843,491843,0.0,0.0,0.0,0.0,0.0,0.0,0.0,2.000528597,0.0,0.0,0.0,0.0,0.0,0.0,0.0,0.0,0.0,0.0,2.000528597,0.0,60612,0.0,0.0,0.0,49,UTAH
1844,491844,0.0,0.0,0.0,0.0,0.0,0.0,0.0,0.0,0.0,0.0,0.0,0.0,0.0,0.0,0.0,0.0,0.0,0.0,0.0,0.0,60612,0.0,0.0,0.0,49,UTAH
1845,491845,0.0,0.0,0.0,0.0,0.0,0.0,0.0,0.0,0.0,0.0,0.0,0.0,0.0,0.0,0.0,0.0,0.0,0.0,0.0,0.0,60612,0.0,0.0,0.0,49,UTAH
1846,491846,0.0,0.0,0.0,0.0,0.0,0.0,0.0,0.0,0.0,0.0,0.0,0.0,0.0,0.0,0.0,0.0,0.0,0.0,0.0,0.0,60612,0.0,0.0,0.0,49,UTAH
1847,491847,0.0,0.0,0.0,0.0,0.0,0.0,0.0,0.0,0.0,0.0,0.0,0.0,0.0,0.0,0.0,0.0,0.0,0.0,0.0,0.0,60612,0.0,0.0,0.0,49,UTAH
1848,491848,0.0,0.0,0.0,0.0,0.0,0.0,0.0,0.0,0.0,0.0,0.0,0.0,0.0,0.0,0.0,0.0,0.0,0.0,0.0,0.0,60612,0.0,0.0,0.0,49,UTAH
1849,491849,0.0,0.0,0.0,0.0,0.0,0.0,0.0,0.0,0.0,0.0,0.0,0.0,0.0,0.0,0.0,0.0,0.0,0.0,0.0,0.0,60612,0.0,0.0,0.0,49,UTAH
1850,491850,0.0,0.0,0.0,0.0,0.0,0.0,0.0,0.0,0.0,0.0,0.0,0.0,0.0,0.0,0.0,0.0,0.0,0.0,0.0,0.0,60612,0.0,0.0,0.0,49,UTAH
1851,491851,0.0,0.0,0.0,0.0,0.0,0.0,0.0,0.0,0.0,0.0,0.0,0.0,0.0,0.0,0.0,0.0,0.0,0.0,0.0,0.0,60612,0.0,0.0,0.0,49,UTAH
1852,491852,0.0,0.0,0.0,0.0,0.0,0.0,0.0,1.003216727,0.0,0.0,0.0,0.0,0.0,0.0,0.0,0.0,1.003216727,0.0,0.0,0.0,60612,0.0,0.0,0.0,49,UTAH
1853,491853,9.0,31.50402674,3.50044741556,0.0,0.0,0.0,0.0,5.012999277,0.0,0.0,0.0,0.0,0.0,0.0,0.0,0.0,4.012866908,0.0,0.0,1.000132369,60612,0.0,0.0,0.0,49,UTAH
1854,491854,110.0,367.5469786,3.34133616909,233.0,1.0,4.0,228.0,243.00132369,0.0,1.0,1.0,3.0,71.0,54.0,56.0,47.0,0.0,0.0,0.0,10.00132369,60612,0.0,0.0,0.0,49,UTAH
1855,491855,0.0,0.0,0.0,0.0,0.0,0.0,0.0,11.035384,0.0,0.0,0.0,0.0,0.0,0.0,0.0,0.0,11.035384,0.0,0.0,0.0,60612,0.0,0.0,0.0,49,UTAH
1856,491856,5.0,13.12667781,2.625335562,0.0,0.0,0.0,0.0,2.006433454,0.0,0.0,0.0,0.0,0.0,0.0,0.0,0.0,2.006433454,0.0,0.0,0.0,60612,0.0,0.0,0.0,49,UTAH
1857,491857,0.0,0.0,0.0,0.0,0.0,0.0,0.0,2.000528597,0.0,0.0,0.0,0.0,0.0,0.0,0.0,0.0,0.0,0.0,2.000528597,0.0,60612,0.0,0.0,0.0,49,UTAH
1858,491858,0.0,0.0,0.0,0.0,0.0,0.0,0.0,0.0,0.0,0.0,0.0,0.0,0.0,0.0,0.0,0.0,0.0,0.0,0.0,0.0,60612,0.0,0.0,0.0,49,UTAH
1859,491859,0.0,0.0,0.0,0.0,0.0,0.0,0.0,0.0,0.0,0.0,0.0,0.0,0.0,0.0,0.0,0.0,0.0,0.0,0.0,0.0,60612,0.0,0.0,0.0,49,UTAH
1860,491860,0.0,0.0,0.0,0.0,0.0,0.0,0.0,18.05790109,0.0,0.0,0.0,0.0,0.0,0.0,0.0,0.0,18.05790109,0.0,0.0,0.0,60612,0.0,0.0,0.0,49,UTAH
1861,491861,0.0,0.0,0.0,0.0,0.0,0.0,0.0,2.000528597,0.0,0.0,0.0,0.0,0.0,0.0,0.0,0.0,0.0,0.0,2.000528597,0.0,60612,0.0,0.0,0.0,49,UTAH
1862,491862,1.0,2.625335561,2.625335561,3.0,3.0,0.0,0.0,3.0,0.0,3.0,0.0,0.0,0.0,0.0,0.0,0.0,0.0,0.0,0.0,0.0,60612,0.0,0.0,0.0,49,UTAH
1863,491863,0.0,0.0,0.0,0.0,0.0,0.0,0.0,3.009650181,0.0,0.0,0.0,0.0,0.0,0.0,0.0,0.0,3.009650181,0.0,0.0,0.0,60612,0.0,0.0,0.0,49,UTAH
1864,491864,0.0,0.0,0.0,0.0,0.0,0.0,0.0,9.028950543,0.0,0.0,0.0,0.0,0.0,0.0,0.0,0.0,9.028950543,0.0,0.0,0.0,60612,0.0,0.0,0.0,49,UTAH
1865,491865,470.0,1662.712522,3.53768621702,0.0,0.0,0.0,0.0,60.01044878,0.0,0.0,0.0,0.0,0.0,0.0,0.0,0.0,0.0,0.0,19.00502167,41.00542711,52669,0.0,0.0,0.0,49,UTAH
1866,491866,179.0,626.5800873,3.50044741508,155.0,2.0,0.0,153.0,211.01282177,2.0,0.0,0.0,0.0,1.0,149.0,2.0,1.0,0.0,0.0,41.01083624,15.00198553,52669,0.0,0.0,0.0,49,UTAH
1867,491867,319.0,1189.277009,3.72814109404,498.0,174.0,8.0,316.0,526.00370632,129.0,45.0,6.0,2.0,17.0,114.0,137.0,48.0,0.0,0.0,0.0,28.00370632,58563,0.0,0.0,0.0,49,UTAH
1868,491868,300.0,991.5017304,3.305005768,0.0,0.0,0.0,0.0,26.00344158,0.0,0.0,0.0,0.0,0.0,0.0,0.0,0.0,0.0,0.0,0.0,26.00344158,58563,0.0,0.0,0.0,49,UTAH
1869,491869,224.0,847.9833863,3.78564011741,81.0,3.0,1.0,77.0,105.003836493,1.0,2.0,1.0,0.0,4.0,65.0,6.0,2.0,0.0,0.0,5.001321493,19.002515,58563,700.0,0.0,0.0,49,UTAH
1870,491870,430.0,1625.957824,3.78129726512,0.0,0.0,0.0,0.0,37.00489764,0.0,0.0,0.0,0.0,0.0,0.0,0.0,0.0,0.0,0.0,0.0,37.00489764,57975,0.0,0.0,0.0,49,UTAH
1871,491871,150.0,477.8110722,3.185407148,0.0,0.0,0.0,0.0,13.00172079,0.0,0.0,0.0,0.0,0.0,0.0,0.0,0.0,0.0,0.0,0.0,13.00172079,52669,0.0,0.0,0.0,49,UTAH
1872,491872,23.0,84.88584982,3.69068912261,0.0,0.0,0.0,0.0,2.000264737,0.0,0.0,0.0,0.0,0.0,0.0,0.0,0.0,0.0,0.0,0.0,2.000264737,52669,0.0,0.0,0.0,49,UTAH
1873,491873,90.0,287.9117999,3.19901999889,0.0,0.0,0.0,0.0,43.010309398,0.0,0.0,0.0,0.0,0.0,0.0,0.0,0.0,0.0,0.0,35.00925045,8.001058948,52669,0.0,0.0,0.0,49,UTAH
1874,491874,446.0,1526.195073,3.42196204709,0.0,0.0,0.0,0.0,245.05960787,0.0,0.0,0.0,0.0,0.0,0.0,0.0,0.0,0.0,0.0,206.0544455,39.00516237,58563,0.0,0.0,0.0,49,UTAH
1875,491875,438.0,1487.690151,3.39655285616,0.0,0.0,0.0,0.0,161.0375387,0.0,0.0,0.0,0.0,0.0,0.0,0.0,0.0,0.0,0.0,123.0325087,38.00503,58563,0.0,0.0,0.0,49,UTAH
1876,491876,16.0,58.6324942,3.6645308875,0.0,0.0,0.0,0.0,69.018104669,0.0,0.0,0.0,0.0,0.0,0.0,0.0,0.0,0.0,0.0,68.0179723,1.000132369,52669,0.0,0.0,0.0,49,UTAH
1877,491877,346.0,1215.530365,3.51309354046,7.0,0.0,0.0,7.0,92.01850748,0.0,0.0,0.0,0.0,0.0,7.0,0.0,0.0,0.0,0.0,55.01453642,30.00397106,52669,0.0,0.0,0.0,49,UTAH
1878,491878,193.0,643.2072125,3.33267985751,135.0,10.0,5.0,120.0,267.03264456,8.0,2.0,1.0,4.0,5.0,40.0,16.0,59.0,0.0,0.0,115.0303943,17.00225026,58563,0.0,0.0,0.0,49,UTAH
1879,491879,422.0,1295.165544,3.06911266351,24.0,0.0,1.0,23.0,92.01322282,0.0,0.0,1.0,0.0,1.0,15.0,0.0,7.0,0.0,0.0,32.00845755,36.00476527,57259,0.0,0.0,0.0,49,UTAH
1880,491880,113.0,366.6718667,3.24488377611,516.0,5.0,5.0,506.0,526.00132369,3.0,2.0,5.0,0.0,28.0,144.0,172.0,162.0,0.0,0.0,0.0,10.00132369,58563,0.0,0.0,0.0,49,UTAH
1881,491881,211.0,728.0930624,3.45067802085,0.0,0.0,0.0,0.0,285.07295033,0.0,0.0,0.0,0.0,0.0,0.0,0.0,0.0,0.0,0.0,267.0705677,18.00238263,57259,0.0,0.0,0.0,49,UTAH
1882,491882,345.0,1161.27343,3.36600994203,68.0,1.0,1.0,66.0,103.014149838,0.0,1.0,0.0,1.0,5.0,12.0,30.0,19.0,3.009650181,0.0,2.000528597,30.00397106,58563,0.0,0.0,0.0,49,UTAH
1883,491883,165.0,579.3240472,3.51105483152,0.0,0.0,0.0,0.0,14.00185316,0.0,0.0,0.0,0.0,0.0,0.0,0.0,0.0,0.0,0.0,0.0,14.00185316,58563,0.0,0.0,0.0,49,UTAH
1884,491884,170.0,572.3231524,3.36660677882,0.0,0.0,0.0,0.0,124.03079403,0.0,0.0,0.0,0.0,0.0,0.0,0.0,0.0,0.0,0.0,109.0288085,15.00198553,60612,0.0,0.0,0.0,49,UTAH
1885,491885,92.0,301.9135896,3.28166945217,116.0,0.0,0.0,116.0,297.046782548,0.0,0.0,0.0,0.0,1.0,107.0,0.0,8.0,0.0,0.0,173.0457236,8.001058948,56147,0.0,1550.0,0.0,49,UTAH
1886,491886,2.0,5.250671123,2.6253355615,0.0,0.0,0.0,0.0,208.0549741,0.0,0.0,0.0,0.0,0.0,0.0,0.0,0.0,0.0,0.0,208.0549741,0.0,60612,0.0,0.0,0.0,49,UTAH
1887,491887,3.0,15.75201337,5.25067112333,0.0,0.0,0.0,0.0,0.0,0.0,0.0,0.0,0.0,0.0,0.0,0.0,0.0,0.0,0.0,0.0,0.0,60612,0.0,0.0,0.0,49,UTAH
1888,491888,378.0,1313.542893,3.47498119841,580.0,1.0,6.0,573.0,614.004632459,1.0,0.0,6.0,0.0,27.0,124.0,276.0,146.0,0.0,0.0,1.000264299,33.00436816,56147,0.0,0.0,0.0,49,UTAH
1889,491889,0.0,0.0,0.0,0.0,0.0,0.0,0.0,185.0488952,0.0,0.0,0.0,0.0,0.0,0.0,0.0,0.0,0.0,0.0,185.0488952,0.0,60612,0.0,0.0,0.0,49,UTAH
1890,491890,0.0,0.0,0.0,0.0,0.0,0.0,0.0,0.0,0.0,0.0,0.0,0.0,0.0,0.0,0.0,0.0,0.0,0.0,0.0,0.0,60612,0.0,0.0,0.0,49,UTAH
1891,491891,0.0,0.0,0.0,0.0,0.0,0.0,0.0,0.0,0.0,0.0,0.0,0.0,0.0,0.0,0.0,0.0,0.0,0.0,0.0,0.0,60612,0.0,0.0,0.0,49,UTAH
1892,491892,0.0,0.0,0.0,0.0,0.0,0.0,0.0,92.02431547,0.0,0.0,0.0,0.0,0.0,0.0,0.0,0.0,0.0,0.0,92.02431547,0.0,60612,0.0,0.0,0.0,49,UTAH
1893,491893,357.0,1268.912188,3.55437587675,2.0,0.0,0.0,2.0,46.04592087,0.0,0.0,0.0,0.0,0.0,2.0,0.0,0.0,13.04181745,0.0,0.0,31.00410342,56147,0.0,0.0,0.0,49,UTAH
1894,491894,1.0,1.0,1.0,0.0,0.0,0.0,0.0,9.028950543,0.0,0.0,0.0,0.0,0.0,0.0,0.0,0.0,9.028950543,0.0,0.0,0.0,60612,0.0,0.0,0.0,49,UTAH
1895,491895,0.0,0.0,0.0,0.0,0.0,0.0,0.0,0.0,0.0,0.0,0.0,0.0,0.0,0.0,0.0,0.0,0.0,0.0,0.0,0.0,60612,0.0,0.0,0.0,49,UTAH
1896,491896,0.0,0.0,0.0,1600.0,295.0,77.0,1228.0,1792.0507453,129.0,166.0,69.0,8.0,118.0,407.0,570.0,133.0,0.0,0.0,192.0507453,0.0,60612,0.0,0.0,0.0,49,UTAH
1897,491897,0.0,0.0,0.0,7.0,2.0,0.0,5.0,7.0,0.0,2.0,0.0,0.0,0.0,3.0,0.0,2.0,0.0,0.0,0.0,0.0,60612,0.0,0.0,0.0,49,UTAH
1898,491898,115.0,364.921643,3.17323167826,0.0,0.0,0.0,0.0,197.05074749,0.0,0.0,0.0,0.0,0.0,0.0,0.0,0.0,0.0,0.0,187.0494238,10.00132369,68692,0.0,0.0,0.0,49,UTAH
1899,491899,275.0,910.9914398,3.31269614473,62.0,0.0,0.0,62.0,240.04387884,0.0,0.0,0.0,0.0,3.0,57.0,0.0,2.0,0.0,0.0,154.040702,24.00317684,57259,0.0,0.0,0.0,49,UTAH
1900,491900,351.0,1382.676729,3.93924994017,0.0,0.0,0.0,0.0,30.00397106,0.0,0.0,0.0,0.0,0.0,0.0,0.0,0.0,0.0,0.0,0.0,30.00397106,57310,0.0,0.0,0.0,49,UTAH
1901,491901,365.0,1296.040655,3.55079631507,62.0,19.0,18.0,25.0,97.005028686,0.0,19.0,0.0,18.0,0.0,23.0,2.0,0.0,0.0,0.0,3.000792896,32.00423579,61568,1254.0,0.0,0.0,49,UTAH
1902,491902,157.0,582.8244946,3.71225792739,0.0,0.0,0.0,0.0,14.00185316,0.0,0.0,0.0,0.0,0.0,0.0,0.0,0.0,0.0,0.0,0.0,14.00185316,56147,0.0,0.0,0.0,49,UTAH
1903,491903,598.0,2158.025831,3.60873884783,0.0,0.0,0.0,0.0,180.043665787,0.0,0.0,0.0,0.0,0.0,0.0,0.0,0.0,1.003216727,0.0,127.0335659,52.00688316,56147,0.0,0.0,0.0,49,UTAH
1904,491904,455.0,1477.188809,3.24656881099,0.0,0.0,0.0,0.0,41.005690967,0.0,0.0,0.0,0.0,0.0,0.0,0.0,0.0,0.0,0.0,2.000528597,39.00516237,64418,0.0,0.0,0.0,49,UTAH
1905,491905,263.0,863.7353997,3.28416501787,230.0,34.0,3.0,193.0,253.00304448,33.0,1.0,2.0,1.0,64.0,52.0,51.0,26.0,0.0,0.0,0.0,23.00304448,64418,0.0,238.0,238.0,49,UTAH
1906,491906,219.0,719.3419438,3.28466641005,308.0,3.0,9.0,296.0,336.016703401,0.0,3.0,8.0,1.0,36.0,68.0,123.0,69.0,4.012866908,0.0,5.001321493,19.002515,59439,0.0,0.0,0.0,49,UTAH
1907,491907,155.0,510.1902108,3.2915497471,0.0,0.0,0.0,0.0,61.035074119,0.0,0.0,0.0,0.0,0.0,0.0,0.0,0.0,7.022517089,0.0,41.01083624,13.00172079,56147,0.0,0.0,0.0,49,UTAH
1908,491908,407.0,1555.073764,3.82082005897,52.0,0.0,0.0,52.0,159.0236624,0.0,0.0,0.0,0.0,0.0,51.0,0.0,1.0,0.0,0.0,72.0190295,35.0046329,86568,1045.0,0.0,0.0,49,UTAH
1909,491909,429.0,1555.948876,3.62692045688,0.0,0.0,0.0,0.0,83.01705537,0.0,0.0,0.0,0.0,0.0,0.0,0.0,0.0,0.0,0.0,46.01215773,37.00489764,86568,0.0,0.0,0.0,49,UTAH
1910,491910,31.0,112.0143173,3.61336507419,830.0,38.0,35.0,757.0,837.013264014,18.0,20.0,32.0,3.0,82.0,187.0,443.0,45.0,4.012866908,0.0,0.0,3.000397106,60612,0.0,0.0,0.0,49,UTAH
1911,491911,23.0,77.88495499,3.38630239087,0.0,0.0,0.0,0.0,160.047928791,0.0,0.0,0.0,0.0,0.0,0.0,0.0,0.0,2.006433454,0.0,156.0412306,2.000264737,60612,0.0,0.0,0.0,49,UTAH
1912,491912,72.0,255.5326613,3.54906474028,0.0,0.0,0.0,0.0,59.014802031,0.0,0.0,0.0,0.0,0.0,0.0,0.0,0.0,0.0,0.0,53.01400782,6.000794211,60612,0.0,0.0,0.0,49,UTAH
1913,491913,0.0,0.0,0.0,0.0,0.0,0.0,0.0,18.05790109,0.0,0.0,0.0,0.0,0.0,0.0,0.0,0.0,18.05790109,0.0,0.0,0.0,63602,0.0,0.0,0.0,49,UTAH
1914,491914,0.0,0.0,0.0,0.0,0.0,0.0,0.0,0.0,0.0,0.0,0.0,0.0,0.0,0.0,0.0,0.0,0.0,0.0,0.0,0.0,60612,0.0,0.0,0.0,49,UTAH
1915,491915,3.0,8.751118538,2.91703951267,0.0,0.0,0.0,0.0,0.0,0.0,0.0,0.0,0.0,0.0,0.0,0.0,0.0,0.0,0.0,0.0,0.0,63602,0.0,0.0,0.0,49,UTAH
1916,491916,0.0,0.0,0.0,0.0,0.0,0.0,0.0,0.0,0.0,0.0,0.0,0.0,0.0,0.0,0.0,0.0,0.0,0.0,0.0,0.0,63602,0.0,0.0,0.0,49,UTAH
1917,491917,1.0,1.0,1.0,0.0,0.0,0.0,0.0,0.0,0.0,0.0,0.0,0.0,0.0,0.0,0.0,0.0,0.0,0.0,0.0,0.0,63602,0.0,0.0,0.0,49,UTAH
1918,491918,90.0,272.1597865,3.02399762778,44.0,3.0,4.0,37.0,277.060526148,0.0,3.0,2.0,2.0,0.0,12.0,19.0,6.0,0.0,0.0,225.0594672,8.001058948,63602,0.0,0.0,0.0,49,UTAH
1919,491919,235.0,611.7031858,2.60299228,363.0,14.0,2.0,347.0,572.47832276,0.0,14.0,1.0,1.0,19.0,77.0,216.0,35.0,0.0,45.43761639,144.038059,20.00264737,63602,0.0,0.0,0.0,49,UTAH
1920,491920,162.0,507.5648752,3.13311651358,1.0,1.0,0.0,0.0,179.04519816,0.0,1.0,0.0,0.0,0.0,0.0,0.0,0.0,0.0,0.0,164.043345,14.00185316,63602,0.0,0.0,0.0,49,UTAH
1921,491921,155.0,463.8092825,2.99231795161,0.0,0.0,0.0,0.0,25.00489237,0.0,0.0,0.0,0.0,0.0,0.0,0.0,0.0,0.0,0.0,12.00317158,13.00172079,63602,0.0,0.0,0.0,49,UTAH
1922,491922,196.0,630.9556466,3.21916146224,0.0,0.0,0.0,0.0,132.03264456,0.0,0.0,0.0,0.0,0.0,0.0,0.0,0.0,0.0,0.0,115.0303943,17.00225026,63602,0.0,0.0,0.0,49,UTAH
1923,491923,367.0,1199.778352,3.26915082289,0.0,0.0,0.0,0.0,350.08828269,0.0,0.0,0.0,0.0,0.0,0.0,0.0,0.0,0.0,0.0,318.0840469,32.00423579,63602,0.0,0.0,0.0,49,UTAH
1924,491924,197.0,697.4641475,3.54042714467,24.0,5.0,3.0,16.0,62.00780053,1.0,4.0,3.0,0.0,1.0,4.0,4.0,7.0,0.0,0.0,21.00555027,17.00225026,63602,0.0,0.0,0.0,49,UTAH
1925,491925,196.0,647.5827718,3.30399373367,0.0,0.0,0.0,0.0,69.01599378,0.0,0.0,0.0,0.0,0.0,0.0,0.0,0.0,0.0,0.0,52.01374352,17.00225026,63602,0.0,0.0,0.0,49,UTAH
1926,491926,191.0,588.9502776,3.08350930681,6.0,0.0,0.0,6.0,300.07546096,0.0,0.0,0.0,0.0,0.0,0.0,2.0,4.0,0.0,0.0,277.0732107,17.00225026,63602,0.0,0.0,0.0,49,UTAH
1927,491927,489.0,1602.950013,3.2780163865,0.0,0.0,0.0,0.0,224.05300212,0.0,0.0,0.0,0.0,0.0,0.0,0.0,0.0,0.0,0.0,177.0467808,47.00622132,63602,0.0,0.0,0.0,49,UTAH
1928,491928,468.0,1634.708943,3.49296782692,36.0,5.0,0.0,31.0,76.00529474,1.0,4.0,0.0,0.0,0.0,8.0,1.0,22.0,0.0,0.0,0.0,40.00529474,63602,0.0,0.0,0.0,49,UTAH
1929,491929,198.0,663.3347852,3.35017568283,1.0,1.0,0.0,0.0,216.05458136,0.0,1.0,0.0,0.0,0.0,0.0,0.0,0.0,0.0,0.0,198.0523311,17.00225026,63602,0.0,0.0,0.0,49,UTAH
1930,491930,727.0,2517.696803,3.46313177854,43.0,1.0,4.0,38.0,211.74908419,0.0,1.0,4.0,0.0,2.0,11.0,25.0,0.0,0.0,22.71880819,83.02193678,63.00833922,63602,0.0,0.0,0.0,49,UTAH
1931,491931,510.0,1585.015675,3.10787387255,0.0,0.0,0.0,0.0,90.01771809,0.0,0.0,0.0,0.0,0.0,0.0,0.0,0.0,0.0,0.0,44.01162914,46.00608895,63602,0.0,0.0,0.0,49,UTAH
1932,491932,496.0,1628.58316,3.28343379032,284.0,4.0,4.0,276.0,327.00569185,1.0,3.0,2.0,2.0,13.0,83.0,168.0,12.0,0.0,0.0,0.0,43.00569185,70905,1285.0,0.0,0.0,49,UTAH
1933,491933,204.0,647.5827718,3.17442535196,1148.0,347.0,28.0,773.0,1291.03541993,289.0,58.0,22.0,6.0,24.0,219.0,442.0,88.0,0.0,0.0,125.0330373,18.00238263,74557,0.0,0.0,0.0,49,UTAH
1934,491934,483.0,1758.099714,3.639958,11.0,0.0,0.0,11.0,75.01137405,0.0,0.0,0.0,0.0,0.0,0.0,11.0,0.0,0.0,0.0,22.00581457,42.00555948,74557,0.0,0.0,0.0,49,UTAH
1935,491935,339.0,1071.136909,3.15969589676,0.0,0.0,0.0,0.0,121.02815416,0.0,0.0,0.0,0.0,0.0,0.0,0.0,0.0,0.0,0.0,92.02431547,29.00383869,74557,0.0,0.0,0.0,49,UTAH
1936,491936,88.0,277.4104577,3.15239156477,0.0,0.0,0.0,0.0,18.003701938,0.0,0.0,0.0,0.0,0.0,0.0,0.0,0.0,0.0,0.0,10.00264299,8.001058948,74557,0.0,0.0,0.0,49,UTAH
1937,491937,318.0,1142.896081,3.59401283333,0.0,0.0,0.0,0.0,36.005952637,0.0,0.0,0.0,0.0,0.0,0.0,0.0,0.0,0.0,0.0,9.002378687,27.00357395,74664,0.0,0.0,0.0,49,UTAH
1938,491938,447.0,1677.589424,3.75299647427,19.0,3.0,0.0,16.0,58.00516237,0.0,3.0,0.0,0.0,5.0,3.0,2.0,6.0,0.0,0.0,0.0,39.00516237,74557,0.0,0.0,0.0,49,UTAH
1939,491939,216.0,746.4704113,3.4558815338,110.0,0.0,0.0,110.0,129.002515,0.0,0.0,0.0,0.0,0.0,15.0,0.0,95.0,0.0,0.0,0.0,19.002515,77792,0.0,0.0,0.0,49,UTAH
1940,491940,253.0,858.4847286,3.39322027115,103.0,2.0,1.0,100.0,246.03489221,0.0,2.0,0.0,1.0,1.0,72.0,23.0,4.0,0.0,0.0,121.0319801,22.00291211,80453,1038.0,0.0,0.0,49,UTAH
1941,491941,310.0,1087.764034,3.50891623871,0.0,0.0,0.0,0.0,150.03608265,0.0,0.0,0.0,0.0,0.0,0.0,0.0,0.0,0.0,0.0,123.0325087,27.00357395,80453,0.0,0.0,0.0,49,UTAH
1942,491942,466.0,1491.190599,3.19997982618,4.0,4.0,0.0,0.0,204.33762932,0.0,4.0,0.0,0.0,0.0,0.0,0.0,0.0,0.0,44.30167598,116.0306586,40.00529474,80453,0.0,0.0,0.0,49,UTAH
1943,491943,573.0,1955.874993,3.41339440314,0.0,0.0,0.0,0.0,300.07269303,0.0,0.0,0.0,0.0,0.0,0.0,0.0,0.0,0.0,0.0,250.0660746,50.00661843,80453,0.0,0.0,0.0,49,UTAH
1944,491944,296.0,1036.132435,3.50044741554,145.0,30.0,4.0,111.0,284.03330728,22.0,8.0,4.0,0.0,1.0,35.0,5.0,70.0,0.0,0.0,113.0298657,26.00344158,80453,0.0,0.0,0.0,49,UTAH
1945,491945,256.0,905.7407687,3.53804987773,0.0,0.0,0.0,0.0,487.137620618,0.0,0.0,0.0,0.0,0.0,0.0,0.0,0.0,4.012866908,0.0,461.1218416,22.00291211,80453,0.0,0.0,0.0,49,UTAH
1946,491946,469.0,1649.187261,3.5163907484,164.0,27.0,5.0,132.0,359.060627385,16.0,11.0,4.0,1.0,3.0,38.0,10.0,81.0,5.016083635,0.0,147.0388519,43.00569185,80453,0.0,0.0,0.0,49,UTAH
1947,491947,306.0,1009.003967,3.29739858497,0.0,0.0,0.0,0.0,96.030799761,0.0,0.0,0.0,0.0,0.0,0.0,0.0,0.0,3.009650181,0.0,67.017708,26.00344158,61091,0.0,0.0,0.0,49,UTAH
1948,491948,842.0,2898.621131,3.44254291093,0.0,0.0,0.0,0.0,345.0815521,0.0,0.0,0.0,0.0,0.0,0.0,0.0,0.0,0.0,0.0,272.0718892,73.0096629,68377,0.0,0.0,0.0,49,UTAH
1949,491949,382.0,1298.665991,3.3996491911,0.0,0.0,0.0,0.0,264.06542116,0.0,0.0,0.0,0.0,0.0,0.0,0.0,0.0,0.0,0.0,231.061053,33.00436816,68692,0.0,0.0,0.0,49,UTAH
1950,491950,499.0,1621.582265,3.24966385772,180.0,76.0,3.0,101.0,342.048953058,15.0,61.0,2.0,1.0,2.0,25.0,26.0,48.0,4.012866908,0.0,115.0303943,43.00569185,61091,0.0,0.0,0.0,49,UTAH
1951,491951,925.0,3088.774468,3.33921564108,0.0,0.0,0.0,0.0,68.012085417,0.0,0.0,0.0,0.0,0.0,0.0,0.0,0.0,1.003216727,0.0,0.0,67.00886869,68377,0.0,0.0,0.0,49,UTAH
1952,491952,428.0,1476.313697,3.44933106776,3.0,0.0,0.0,3.0,40.00489764,0.0,0.0,0.0,0.0,0.0,0.0,1.0,2.0,0.0,0.0,0.0,37.00489764,68377,0.0,0.0,0.0,49,UTAH
1953,491953,602.0,2229.785003,3.703961799,187.0,63.0,0.0,124.0,239.00688316,2.0,61.0,0.0,0.0,5.0,69.0,44.0,6.0,0.0,0.0,0.0,52.00688316,67256,830.0,0.0,0.0,49,UTAH
1954,491954,180.0,756.0966417,4.20053689833,0.0,0.0,0.0,0.0,16.0021179,0.0,0.0,0.0,0.0,0.0,0.0,0.0,0.0,0.0,0.0,0.0,16.0021179,80453,0.0,0.0,0.0,49,UTAH
1955,491955,373.0,1319.668676,3.53798572654,0.0,0.0,0.0,0.0,32.00423579,0.0,0.0,0.0,0.0,0.0,0.0,0.0,0.0,0.0,0.0,0.0,32.00423579,80453,0.0,0.0,0.0,49,UTAH
1956,491956,304.0,1086.013811,3.57241385197,0.0,0.0,0.0,0.0,116.041990595,0.0,0.0,0.0,0.0,0.0,0.0,0.0,0.0,5.016083635,0.0,85.02246538,26.00344158,80453,0.0,0.0,0.0,49,UTAH
1957,491957,217.0,727.2179505,3.35123479493,0.0,0.0,0.0,0.0,138.045776208,0.0,0.0,0.0,0.0,0.0,0.0,0.0,0.0,4.012866908,0.0,115.0303943,19.002515,80453,0.0,0.0,0.0,49,UTAH
1958,491958,600.0,1898.117611,3.16352935167,0.0,0.0,0.0,0.0,285.074369614,0.0,0.0,0.0,0.0,0.0,0.0,0.0,0.0,2.006433454,0.0,231.061053,52.00688316,61091,0.0,0.0,0.0,49,UTAH
1959,491959,293.0,978.3750525,3.33916400171,0.0,0.0,0.0,0.0,176.055028018,0.0,0.0,0.0,0.0,0.0,0.0,0.0,0.0,4.012866908,0.0,147.0388519,25.00330921,61091,0.0,0.0,0.0,49,UTAH
1960,491960,438.0,1361.001172,3.10730861187,408.0,7.0,4.0,397.0,452.018161648,5.0,2.0,0.0,4.0,63.0,13.0,141.0,180.0,4.012866908,0.0,0.0,40.00529474,61091,0.0,0.0,0.0,49,UTAH
1961,491961,686.0,2077.079831,3.02781316472,27.0,7.0,1.0,19.0,206.048118961,1.0,6.0,1.0,0.0,0.0,2.0,0.0,17.0,3.009650181,0.0,115.0303943,61.00807448,61091,0.0,0.0,0.0,49,UTAH
1962,491962,429.0,1480.689257,3.45149010956,0.0,0.0,0.0,0.0,130.02947741,0.0,0.0,0.0,0.0,0.0,0.0,0.0,0.0,0.0,0.0,93.02457977,37.00489764,77792,0.0,858.0,1287.0,49,UTAH
1963,491963,873.0,2815.485505,3.22506930699,373.0,83.0,30.0,260.0,566.049972121,74.0,9.0,28.0,2.0,70.0,46.0,64.0,80.0,3.009650181,0.0,115.0303943,75.00992764,77792,0.0,0.0,0.0,49,UTAH
1964,491964,0.0,0.0,0.0,628.0,87.0,22.0,519.0,632.012866908,59.0,28.0,15.0,7.0,53.0,49.0,22.0,395.0,4.012866908,0.0,0.0,0.0,61091,0.0,0.0,0.0,49,UTAH
1965,491965,349.0,1204.816276,3.45219563324,1664.0,152.0,158.0,1354.0,1822.04908324,74.0,78.0,141.0,17.0,348.0,469.0,119.0,418.0,4.012866908,0.0,120.0317158,34.00450053,61091,0.0,0.0,0.0,49,UTAH
1966,491966,174.0,548.6951323,3.15342030057,1265.0,96.0,74.0,1095.0,1399.04524674,58.0,38.0,66.0,8.0,335.0,253.0,203.0,304.0,4.012866908,0.0,115.0303943,15.00198553,61091,0.0,0.0,0.0,49,UTAH
1967,491967,0.0,0.0,0.0,716.0,14.0,0.0,702.0,720.012866908,3.0,11.0,0.0,0.0,405.0,44.0,198.0,55.0,4.012866908,0.0,0.0,0.0,61091,0.0,0.0,0.0,49,UTAH
1968,491968,25.0,66.50850089,2.6603400356,0.0,0.0,0.0,0.0,2.000264737,0.0,0.0,0.0,0.0,0.0,0.0,0.0,0.0,0.0,0.0,0.0,2.000264737,61091,0.0,0.0,0.0,49,UTAH
1969,491969,8.0,26.25335561,3.28166945125,510.0,38.0,1.0,471.0,628.036960123,2.0,36.0,0.0,1.0,139.0,169.0,81.0,82.0,2.006433454,0.0,115.0303943,1.000132369,61091,0.0,0.0,2468.0,49,UTAH
1970,491970,227.0,737.7192928,3.24986472599,365.0,3.0,0.0,362.0,438.019607617,1.0,2.0,0.0,0.0,1.0,304.0,0.0,57.0,1.003216727,0.0,52.01374352,20.00264737,61091,1884.0,1996.0,0.0,49,UTAH
1971,491971,143.0,516.3159937,3.61060135455,661.0,71.0,9.0,581.0,675.008021874,53.0,18.0,9.0,0.0,212.0,56.0,126.0,187.0,2.006433454,0.0,0.0,12.00158842,61091,0.0,0.0,0.0,49,UTAH
1972,491972,173.0,581.0742709,3.35881081445,283.0,73.0,22.0,188.0,417.045246738,57.0,16.0,21.0,1.0,5.0,57.0,83.0,43.0,4.012866908,0.0,115.0303943,15.00198553,61091,58.28571429,21.85714286,21.85714286,49,UTAH
1973,491973,246.0,813.854024,3.30834969106,885.0,248.0,79.0,558.0,911.018863375,169.0,79.0,78.0,1.0,111.0,126.0,125.0,196.0,5.016083635,0.0,0.0,21.00277974,61091,0.0,0.0,0.0,49,UTAH
1974,491974,431.0,1469.312803,3.40907842923,0.0,0.0,0.0,0.0,111.030360594,0.0,0.0,0.0,0.0,0.0,0.0,0.0,0.0,2.006433454,0.0,72.0190295,37.00489764,72248,0.0,0.0,0.0,49,UTAH
1975,491975,463.0,1564.699995,3.37948163067,0.0,0.0,0.0,0.0,299.07374804,0.0,0.0,0.0,0.0,0.0,0.0,0.0,0.0,0.0,0.0,259.0684533,40.00529474,75273,0.0,0.0,0.0,49,UTAH
1976,491976,948.0,3090.270627,3.25977914241,335.0,292.0,4.0,39.0,536.04230572,290.0,2.0,2.0,2.0,5.0,14.0,12.0,8.0,0.0,0.0,119.0314515,82.01085422,75273,0.0,0.0,0.0,49,UTAH
1977,491977,480.0,1528.820409,3.18504251875,89.0,71.0,1.0,17.0,130.00542711,2.0,69.0,0.0,1.0,0.0,6.0,7.0,4.0,0.0,0.0,0.0,41.00542711,75273,0.0,0.0,0.0,49,UTAH
1978,491978,312.0,1170.89966,3.75288352564,0.0,0.0,0.0,0.0,27.00357395,0.0,0.0,0.0,0.0,0.0,0.0,0.0,0.0,0.0,0.0,0.0,27.00357395,75273,0.0,0.0,0.0,49,UTAH
1979,491979,263.0,910.9914398,3.46384577871,30.0,0.0,1.0,29.0,241.05273258,0.0,0.0,0.0,1.0,0.0,27.0,0.0,2.0,0.0,0.0,188.0496881,23.00304448,75273,0.0,0.0,0.0,49,UTAH
1980,491980,1.0,1.750223708,1.750223708,296.0,196.0,5.0,95.0,297.003216727,160.0,36.0,4.0,1.0,1.0,33.0,36.0,25.0,1.003216727,0.0,0.0,0.0,75273,0.0,0.0,0.0,49,UTAH
1981,491981,296.0,1044.883553,3.53001200338,277.0,16.0,20.0,241.0,413.038419234,9.0,7.0,12.0,8.0,61.0,13.0,132.0,35.0,2.006433454,0.0,108.0285442,26.00344158,75273,0.0,0.0,0.0,49,UTAH
1982,491982,712.0,2399.556703,3.37016390871,269.0,2.0,4.0,263.0,335.009264044,1.0,1.0,3.0,1.0,78.0,8.0,82.0,95.0,0.0,0.0,4.001057194,62.00820685,75273,0.0,0.0,0.0,49,UTAH
1983,491983,328.0,1082.513363,3.3003456189,43.0,12.0,1.0,30.0,84.010094627,0.0,12.0,1.0,0.0,11.0,3.0,5.0,11.0,1.003216727,0.0,12.00317158,28.00370632,61091,0.0,0.0,0.0,49,UTAH
1984,491984,839.0,2366.302453,2.82038433015,1579.0,450.0,37.0,1092.0,1782.04415363,292.0,158.0,1.0,36.0,96.0,261.0,223.0,512.0,0.0,0.0,131.0346231,72.00953053,61091,0.0,0.0,0.0,49,UTAH
1985,491985,0.0,0.0,0.0,235.0,2.0,1.0,232.0,238.009650181,0.0,2.0,1.0,0.0,145.0,10.0,72.0,5.0,3.009650181,0.0,0.0,0.0,61091,0.0,0.0,0.0,49,UTAH
1986,491986,198.0,645.8325481,3.26178054596,787.0,23.0,3.0,761.0,822.024722202,16.0,7.0,3.0,0.0,35.0,82.0,567.0,77.0,6.019300362,0.0,12.00317158,17.00225026,61091,0.0,0.0,0.0,49,UTAH
1987,491987,159.0,483.0617433,3.0381241717,985.0,605.0,4.0,376.0,1003.01472007,572.0,33.0,3.0,1.0,24.0,66.0,163.0,123.0,4.012866908,0.0,0.0,14.00185316,61091,0.0,0.0,0.0,49,UTAH
1988,491988,0.0,0.0,0.0,1426.0,280.0,76.0,1070.0,1429.00965018,272.0,8.0,37.0,39.0,289.0,167.0,345.0,269.0,3.009650181,0.0,0.0,0.0,86568,0.0,0.0,0.0,49,UTAH
1989,491989,0.0,0.0,0.0,740.0,72.0,19.0,649.0,824.738147127,3.0,69.0,15.0,4.0,232.0,189.0,184.0,44.0,1.003216727,22.71880819,61.01612221,0.0,86568,0.0,0.0,0.0,49,UTAH
1990,491990,75.0,221.403299,2.95204398667,1351.0,210.0,14.0,1127.0,1468.74312497,62.0,148.0,8.0,6.0,700.0,182.0,18.0,227.0,0.0,22.71880819,89.02352257,6.000794211,86568,0.0,0.0,0.0,49,UTAH
1991,491991,509.0,1650.249614,3.24214069548,627.0,78.0,5.0,544.0,1082.71486019,0.0,78.0,4.0,1.0,201.0,177.0,125.0,41.0,8.025733816,21.58286778,378.0999049,48.00635369,69414,0.0,0.0,0.0,49,UTAH
1992,491992,151.0,483.0617433,3.19908439272,1381.0,540.0,37.0,804.0,1400.01806872,440.0,100.0,29.0,8.0,121.0,122.0,229.0,332.0,5.016083635,0.0,1.000264299,13.00172079,60773,0.0,0.0,0.0,49,UTAH
1993,491993,21.0,69.13383645,3.29208745,567.0,42.0,5.0,520.0,571.006698191,38.0,4.0,2.0,3.0,47.0,40.0,297.0,136.0,2.006433454,0.0,0.0,2.000264737,72877,0.0,0.0,0.0,49,UTAH
1994,491994,1.0,3.500447415,3.500447415,913.0,621.0,0.0,292.0,918.001321493,577.0,44.0,0.0,0.0,2.0,45.0,57.0,188.0,0.0,0.0,5.001321493,0.0,72877,0.0,0.0,0.0,49,UTAH
1995,491995,197.0,647.5827718,3.28722219188,259.0,10.0,0.0,249.0,291.00621474,10.0,0.0,0.0,0.0,5.0,90.0,39.0,115.0,0.0,0.0,15.00396448,17.00225026,72877,0.0,0.0,0.0,49,UTAH
1996,491996,935.0,3131.400884,3.34909185455,72.0,14.0,0.0,58.0,164.01362913,14.0,0.0,0.0,0.0,4.0,2.0,5.0,47.0,0.0,0.0,11.00290728,81.01072185,72877,811.0,0.0,0.0,49,UTAH
1997,491997,1108.0,3631.964864,3.27794662816,262.0,71.0,12.0,179.0,375.01720046,62.0,9.0,4.0,8.0,46.0,83.0,6.0,44.0,0.0,0.0,17.00449308,96.01270738,60773,933.0,0.0,0.0,49,UTAH
1998,491998,143.0,496.1884211,3.4698490986,0.0,0.0,0.0,0.0,60.017227177,0.0,0.0,0.0,0.0,0.0,0.0,0.0,0.0,1.003216727,0.0,47.01242203,12.00158842,60773,0.0,0.0,0.0,49,UTAH
1999,491999,101.0,348.2945178,3.44846057228,28.0,10.0,0.0,18.0,75.011234667,7.0,3.0,0.0,0.0,6.0,5.0,3.0,4.0,0.0,0.0,38.01004335,9.001191317,60773,0.0,0.0,0.0,49,UTAH
2000,492000,22.0,75.25961943,3.42089179227,39.0,13.0,7.0,19.0,80.019429668,5.0,8.0,4.0,3.0,1.0,4.0,3.0,11.0,3.009650181,0.0,36.00951475,2.000264737,60773,0.0,0.0,0.0,49,UTAH
2001,492001,113.0,386.7994394,3.4230038885,466.0,30.0,1.0,435.0,607.038899217,0.0,30.0,0.0,1.0,93.0,84.0,60.0,198.0,1.003216727,0.0,130.0343588,10.00132369,60773,0.0,0.0,0.0,49,UTAH
2002,492002,452.0,1242.658832,2.74924520354,873.0,272.0,6.0,595.0,912.00516237,127.0,145.0,3.0,3.0,54.0,42.0,147.0,352.0,0.0,0.0,0.0,39.00516237,72877,0.0,0.0,0.0,49,UTAH
2003,492003,196.0,689.5881408,3.51830684082,324.0,66.0,1.0,257.0,343.008683714,13.0,53.0,1.0,0.0,19.0,27.0,24.0,187.0,2.006433454,0.0,0.0,17.00225026,72877,0.0,0.0,0.0,49,UTAH
2004,492004,277.0,974.8746051,3.5194029065,0.0,0.0,0.0,0.0,277.081854048,0.0,0.0,0.0,0.0,0.0,0.0,0.0,0.0,4.012866908,0.0,249.0658103,24.00317684,72877,0.0,0.0,0.0,49,UTAH
2005,492005,420.0,1307.528826,3.11316387143,935.0,86.0,11.0,838.0,1142.05520556,73.0,13.0,3.0,8.0,327.0,151.0,13.0,347.0,2.006433454,0.0,164.043345,41.00542711,72877,0.0,0.0,0.0,49,UTAH
2006,492006,339.0,1026.506204,3.02804189971,0.0,0.0,0.0,0.0,30.007055417,0.0,0.0,0.0,0.0,0.0,0.0,0.0,0.0,1.003216727,0.0,0.0,29.00383869,75045,0.0,0.0,0.0,49,UTAH
2007,492007,670.0,2064.388863,3.08117740746,403.0,130.0,36.0,237.0,1058.17432085,129.0,1.0,7.0,29.0,16.0,31.0,8.0,182.0,3.009650181,0.0,594.1569933,58.00767737,72877,0.0,0.0,0.0,49,UTAH
2008,492008,174.0,530.8854235,3.0510656523,0.0,0.0,0.0,0.0,125.044055419,0.0,0.0,0.0,0.0,0.0,0.0,0.0,0.0,4.012866908,0.0,115.0303943,6.000794211,72877,0.0,0.0,0.0,49,UTAH
2009,492009,753.0,2373.998801,3.15272085126,416.0,14.0,5.0,397.0,749.103533159,2.0,12.0,2.0,3.0,43.0,37.0,81.0,236.0,7.022517089,0.0,287.0758537,39.00516237,72877,0.0,0.0,0.0,49,UTAH
2010,492010,417.0,1374.341994,3.29578415827,288.0,29.0,3.0,256.0,396.041855155,15.0,14.0,0.0,3.0,143.0,27.0,27.0,59.0,5.016083635,0.0,92.02431547,11.00145605,75045,0.0,0.0,0.0,49,UTAH
2011,492011,168.0,540.8191256,3.2191614619,0.0,0.0,0.0,0.0,187.062207065,0.0,0.0,0.0,0.0,0.0,0.0,0.0,0.0,5.016083635,0.0,167.0441379,15.00198553,75045,0.0,0.0,0.0,49,UTAH
2012,492012,0.0,0.0,0.0,237.0,224.0,2.0,11.0,237.0,0.0,224.0,0.0,2.0,4.0,3.0,0.0,4.0,0.0,0.0,0.0,0.0,69414,0.0,0.0,0.0,49,UTAH
2013,492013,704.0,2243.703228,3.18707844886,0.0,0.0,0.0,0.0,904.23035045,0.0,0.0,0.0,0.0,0.0,0.0,0.0,0.0,0.0,0.0,839.2217465,65.00860395,64490,0.0,0.0,0.0,49,UTAH
2014,492014,332.0,1184.90145,3.56898027108,0.0,0.0,0.0,0.0,33.004895884,0.0,0.0,0.0,0.0,0.0,0.0,0.0,0.0,0.0,0.0,4.001057194,29.00383869,59913,0.0,0.0,0.0,49,UTAH
2015,492015,193.0,705.3401542,3.65461219793,0.0,0.0,0.0,0.0,19.008683714,0.0,0.0,0.0,0.0,0.0,0.0,0.0,0.0,2.006433454,0.0,0.0,17.00225026,64895,0.0,0.0,0.0,49,UTAH
2016,492016,326.0,1125.672693,3.45298372086,3.0,0.0,0.0,3.0,47.011283307,0.0,0.0,0.0,0.0,1.0,0.0,1.0,1.0,1.003216727,0.0,18.00475737,25.00330921,64895,0.0,0.0,0.0,49,UTAH
2017,492017,280.0,908.3661042,3.24416465786,0.0,0.0,0.0,0.0,24.00317684,0.0,0.0,0.0,0.0,0.0,0.0,0.0,0.0,0.0,0.0,0.0,24.00317684,72137,0.0,0.0,0.0,49,UTAH
2018,492018,391.0,1318.793564,3.37287356522,74.0,14.0,3.0,57.0,130.013267527,6.0,8.0,2.0,1.0,8.0,5.0,1.0,43.0,1.003216727,0.0,21.00555027,34.00450053,72137,0.0,0.0,0.0,49,UTAH
2019,492019,224.0,775.3491025,3.46137992188,67.0,1.0,1.0,65.0,106.019610688,0.0,1.0,1.0,0.0,3.0,57.0,0.0,5.0,4.012866908,0.0,16.00422878,19.002515,59913,0.0,0.0,0.0,49,UTAH
2020,492020,332.0,1091.264482,3.28694121084,0.0,0.0,0.0,0.0,99.025292017,0.0,0.0,0.0,0.0,0.0,0.0,0.0,0.0,1.003216727,0.0,69.0182366,29.00383869,59913,0.0,0.0,0.0,49,UTAH
2021,492021,6.0,21.00268449,3.500447415,706.0,94.0,15.0,597.0,711.012999277,17.0,77.0,4.0,11.0,134.0,121.0,244.0,98.0,4.012866908,0.0,0.0,1.000132369,67238,0.0,0.0,0.0,49,UTAH
2022,492022,0.0,0.0,0.0,162.0,73.0,41.0,48.0,162.0,72.0,1.0,6.0,35.0,7.0,12.0,4.0,25.0,0.0,0.0,0.0,0.0,67238,0.0,0.0,0.0,49,UTAH
2023,492023,119.0,389.4247749,3.2724771,111.0,0.0,3.0,108.0,128.00317378,0.0,0.0,3.0,0.0,65.0,8.0,4.0,31.0,0.0,0.0,7.00185009,10.00132369,59913,0.0,0.0,0.0,49,UTAH
2024,492024,53.0,203.9010619,3.84718984717,142.0,0.0,0.0,142.0,147.000661843,0.0,0.0,0.0,0.0,0.0,77.0,0.0,65.0,0.0,0.0,0.0,5.000661843,59913,836.0,0.0,0.0,49,UTAH
2025,492025,461.0,1551.573317,3.36566880043,0.0,0.0,0.0,0.0,42.005823337,0.0,0.0,0.0,0.0,0.0,0.0,0.0,0.0,0.0,0.0,2.000528597,40.00529474,56154,0.0,0.0,0.0,49,UTAH
2026,492026,530.0,1589.203127,2.99849646604,6.0,1.0,0.0,5.0,124.02511845,1.0,0.0,0.0,0.0,4.0,0.0,0.0,1.0,0.0,0.0,72.0190295,46.00608895,56154,0.0,0.0,0.0,49,UTAH
2027,492027,271.0,894.3643146,3.30023732325,446.0,33.0,26.0,387.0,540.027714534,6.0,27.0,21.0,5.0,84.0,179.0,84.0,40.0,2.006433454,0.0,69.0182366,23.00304448,67238,0.0,0.0,0.0,49,UTAH
2028,492028,626.0,2319.921524,3.70594492652,0.0,0.0,0.0,0.0,54.0071479,0.0,0.0,0.0,0.0,0.0,0.0,0.0,0.0,0.0,0.0,0.0,54.0071479,67238,0.0,0.0,0.0,49,UTAH
2029,492029,130.0,426.1794728,3.27830363692,234.0,4.0,103.0,127.0,394.043788977,2.0,2.0,1.0,102.0,92.0,25.0,5.0,5.0,1.003216727,0.0,148.0391162,11.00145605,64876,0.0,0.0,0.0,49,UTAH
2030,492030,186.0,621.3294162,3.34048073226,43.0,21.0,0.0,22.0,76.00661098,0.0,21.0,0.0,0.0,2.0,3.0,10.0,7.0,0.0,0.0,17.00449308,16.0021179,67878,0.0,0.0,0.0,49,UTAH
2031,492031,288.0,995.8772896,3.45790725556,186.0,0.0,0.0,186.0,211.00330921,0.0,0.0,0.0,0.0,109.0,1.0,23.0,53.0,0.0,0.0,0.0,25.00330921,72137,0.0,0.0,0.0,49,UTAH
2032,492032,431.0,1464.062131,3.39689589559,184.0,4.0,0.0,180.0,345.03767064,4.0,0.0,0.0,0.0,1.0,65.0,6.0,108.0,0.0,0.0,124.032773,37.00489764,63895,728.0,0.0,0.0,49,UTAH
2033,492033,0.0,0.0,0.0,595.0,85.0,179.0,331.0,595.0,9.0,76.0,11.0,168.0,42.0,39.0,0.0,250.0,0.0,0.0,0.0,0.0,69608,0.0,0.0,0.0,49,UTAH
2034,492034,295.0,930.2439006,3.15336915458,162.0,13.0,89.0,60.0,223.01282396,8.0,5.0,16.0,73.0,21.0,6.0,2.0,31.0,0.0,0.0,36.00951475,25.00330921,69608,0.0,0.0,0.0,49,UTAH
2035,492035,17.0,58.6324942,3.44897024706,679.0,305.0,4.0,370.0,680.000132369,177.0,128.0,2.0,2.0,86.0,7.0,99.0,178.0,0.0,0.0,0.0,1.000132369,69608,0.0,0.0,0.0,49,UTAH
2036,492036,235.0,724.5926149,3.08337282936,296.0,109.0,5.0,182.0,326.00529036,103.0,6.0,1.0,4.0,15.0,5.0,47.0,115.0,0.0,0.0,10.00264299,20.00264737,57320,0.0,0.0,0.0,49,UTAH
2037,492037,234.0,647.5827718,2.76744774274,223.0,22.0,1.0,200.0,255.00581895,1.0,21.0,1.0,0.0,5.0,59.0,3.0,133.0,0.0,0.0,12.00317158,20.00264737,57320,0.0,0.0,0.0,49,UTAH
2038,492038,112.0,340.4185111,3.03945099196,622.0,215.0,36.0,371.0,632.00132369,98.0,117.0,36.0,0.0,32.0,141.0,34.0,164.0,0.0,0.0,0.0,10.00132369,63944,0.0,0.0,2603.0,49,UTAH
2039,492039,278.0,823.4802544,2.96215918849,439.0,41.0,0.0,398.0,473.00581983,37.0,4.0,0.0,0.0,20.0,232.0,58.0,88.0,0.0,0.0,10.00264299,24.00317684,50208,0.0,0.0,0.0,49,UTAH
2040,492040,268.0,696.5890356,2.5992128194,1249.0,39.0,23.0,1187.0,1272.00304448,22.0,17.0,23.0,0.0,12.0,571.0,29.0,575.0,0.0,0.0,0.0,23.00304448,53922,0.0,0.0,0.0,49,UTAH
2041,492041,313.0,914.4918872,2.92169932013,661.0,149.0,33.0,479.0,748.01943186,107.0,42.0,19.0,14.0,3.0,78.0,13.0,385.0,0.0,0.0,60.01585791,27.00357395,51682,654.0,0.0,0.0,49,UTAH
2042,492042,325.0,1021.255533,3.14232471692,4.0,0.0,0.0,4.0,98.02115002,0.0,0.0,0.0,0.0,0.0,0.0,0.0,4.0,0.0,0.0,66.0174437,28.00370632,48099,0.0,0.0,0.0,49,UTAH
2043,492043,164.0,493.5630855,3.00953100915,78.0,43.0,1.0,34.0,127.01110361,43.0,0.0,1.0,0.0,0.0,3.0,1.0,30.0,0.0,0.0,35.00925045,14.00185316,61458,0.0,0.0,0.0,49,UTAH
2044,492044,263.0,838.3571559,3.1876697943,5.0,4.0,0.0,1.0,28.00304448,4.0,0.0,0.0,0.0,0.0,1.0,0.0,0.0,0.0,0.0,0.0,23.00304448,58464,0.0,0.0,0.0,49,UTAH
2045,492045,132.0,427.0545847,3.2352620053,113.0,0.0,1.0,112.0,147.00753492,0.0,0.0,1.0,0.0,2.0,86.0,0.0,24.0,0.0,0.0,23.00607887,11.00145605,58464,0.0,1736.0,0.0,49,UTAH
2046,492046,159.0,522.4417767,3.28579733774,22.0,1.0,11.0,10.0,67.01004642,1.0,0.0,10.0,1.0,0.0,1.0,0.0,9.0,0.0,0.0,31.00819326,14.00185316,46499,0.0,0.0,0.0,49,UTAH
2047,492047,145.0,473.4355129,3.26507250276,19.0,1.0,0.0,18.0,88.01652151,1.0,0.0,0.0,0.0,1.0,17.0,0.0,0.0,0.0,0.0,56.01480072,13.00172079,58464,663.0,0.0,0.0,49,UTAH
2048,492048,179.0,610.8280739,3.41244734022,5.0,0.0,0.0,5.0,22.002514127,0.0,0.0,0.0,0.0,0.0,5.0,0.0,0.0,0.0,0.0,2.000528597,15.00198553,58464,0.0,0.0,0.0,49,UTAH
2049,492049,214.0,733.3437335,3.42683987617,57.0,3.0,9.0,45.0,321.073304884,3.0,0.0,7.0,2.0,4.0,3.0,30.0,8.0,2.006433454,0.0,244.0644888,18.00238263,58464,441.0,126.0,0.0,49,UTAH
2050,492050,425.0,1373.050499,3.23070705647,226.0,13.0,11.0,202.0,263.00489764,6.0,7.0,11.0,0.0,19.0,64.0,11.0,108.0,0.0,0.0,0.0,37.00489764,61139,0.0,0.0,0.0,49,UTAH
2051,492051,50.0,188.1490486,3.762980972,0.0,0.0,0.0,0.0,4.000529474,0.0,0.0,0.0,0.0,0.0,0.0,0.0,0.0,0.0,0.0,0.0,4.000529474,83594,0.0,0.0,0.0,49,UTAH
2052,492052,208.0,788.4757803,3.79074894375,0.0,0.0,0.0,0.0,18.00238263,0.0,0.0,0.0,0.0,0.0,0.0,0.0,0.0,0.0,0.0,0.0,18.00238263,83594,0.0,0.0,0.0,49,UTAH
2053,492053,131.0,468.1848418,3.57393009008,0.0,0.0,0.0,0.0,89.025023767,0.0,0.0,0.0,0.0,0.0,0.0,0.0,0.0,1.003216727,0.0,77.02035099,11.00145605,58464,0.0,0.0,0.0,49,UTAH
2054,492054,321.0,1050.134225,3.2714461838,633.0,74.0,236.0,323.0,704.01507116,74.0,0.0,187.0,49.0,53.0,36.0,4.0,230.0,0.0,0.0,43.01136484,28.00370632,50523,0.0,0.0,0.0,49,UTAH
2055,492055,243.0,850.6087219,3.50044741523,0.0,0.0,0.0,0.0,27.004365531,0.0,0.0,0.0,0.0,0.0,0.0,0.0,0.0,0.0,0.0,6.001585791,21.00277974,68293,0.0,0.0,0.0,49,UTAH
2056,492056,229.0,873.3616301,3.81380624498,94.0,0.0,0.0,94.0,114.00264737,0.0,0.0,0.0,0.0,5.0,70.0,8.0,11.0,0.0,0.0,0.0,20.00264737,68293,777.0,0.0,0.0,49,UTAH
2057,492057,377.0,1233.032602,3.27064350663,1925.0,778.0,75.0,1072.0,1961.00516106,462.0,316.0,57.0,18.0,343.0,80.0,240.0,409.0,0.0,0.0,3.000792896,33.00436816,77518,0.0,0.0,0.0,49,UTAH
2058,492058,374.0,1136.770298,3.0394927754,0.0,0.0,0.0,0.0,32.00423579,0.0,0.0,0.0,0.0,0.0,0.0,0.0,0.0,0.0,0.0,0.0,32.00423579,67320,0.0,0.0,0.0,49,UTAH
2059,492059,233.0,830.4811493,3.56429677811,0.0,0.0,0.0,0.0,27.00449746,0.0,0.0,0.0,0.0,0.0,0.0,0.0,0.0,0.0,0.0,7.00185009,20.00264737,79366,0.0,0.0,0.0,49,UTAH
2060,492060,261.0,854.9842812,3.27580184368,93.0,0.0,2.0,91.0,116.00304448,0.0,0.0,0.0,2.0,1.0,85.0,0.0,5.0,0.0,0.0,0.0,23.00304448,67320,0.0,1489.0,0.0,49,UTAH
2061,492061,269.0,860.2349523,3.19789945093,58.0,0.0,1.0,57.0,81.00304448,0.0,0.0,1.0,0.0,1.0,56.0,0.0,0.0,0.0,0.0,0.0,23.00304448,61246,869.0,0.0,0.0,49,UTAH
2062,492062,405.0,1539.321751,3.80079444691,0.0,0.0,0.0,0.0,96.023707537,0.0,0.0,0.0,0.0,0.0,0.0,0.0,0.0,1.003216727,0.0,60.01585791,35.0046329,107969,0.0,0.0,0.0,49,UTAH
2063,492063,309.0,1224.281483,3.96207599676,0.0,0.0,0.0,0.0,27.00357395,0.0,0.0,0.0,0.0,0.0,0.0,0.0,0.0,0.0,0.0,0.0,27.00357395,84379,0.0,0.0,0.0,49,UTAH
2064,492064,327.0,1288.164649,3.93934143425,0.0,0.0,0.0,0.0,28.00370632,0.0,0.0,0.0,0.0,0.0,0.0,0.0,0.0,0.0,0.0,0.0,28.00370632,84379,0.0,0.0,0.0,49,UTAH
2065,492065,221.0,783.2251091,3.54400501855,0.0,0.0,0.0,0.0,19.002515,0.0,0.0,0.0,0.0,0.0,0.0,0.0,0.0,0.0,0.0,0.0,19.002515,72928,0.0,0.0,0.0,49,UTAH
2066,492066,486.0,1681.964983,3.46083329835,0.0,0.0,0.0,0.0,72.01348844,0.0,0.0,0.0,0.0,0.0,0.0,0.0,0.0,0.0,0.0,30.00792896,42.00555948,71647,0.0,0.0,0.0,49,UTAH
2067,492067,340.0,1299.541103,3.82217971471,183.0,42.0,75.0,66.0,212.00383869,41.0,1.0,14.0,61.0,15.0,9.0,1.0,41.0,0.0,0.0,0.0,29.00383869,66950,0.0,0.0,0.0,49,UTAH
2068,492068,306.0,1114.01739,3.64057970588,24.0,0.0,4.0,20.0,50.00344158,0.0,0.0,0.0,4.0,0.0,3.0,0.0,17.0,0.0,0.0,0.0,26.00344158,78762,0.0,0.0,0.0,49,UTAH
2069,492069,221.0,777.974438,3.52024632579,0.0,0.0,0.0,0.0,46.00965106,0.0,0.0,0.0,0.0,0.0,0.0,0.0,0.0,0.0,0.0,27.00713606,19.002515,85103,0.0,0.0,0.0,49,UTAH
2070,492070,265.0,985.3759474,3.71839980151,0.0,0.0,0.0,0.0,23.00304448,0.0,0.0,0.0,0.0,0.0,0.0,0.0,0.0,0.0,0.0,0.0,23.00304448,81405,0.0,0.0,0.0,49,UTAH
2071,492071,107.0,382.4238801,3.57405495421,1.0,0.0,0.0,1.0,10.001191317,0.0,0.0,0.0,0.0,0.0,1.0,0.0,0.0,0.0,0.0,0.0,9.001191317,85346,0.0,0.0,0.0,49,UTAH
2072,492072,387.0,1471.938138,3.80345772093,155.0,1.0,2.0,152.0,268.02551204,0.0,1.0,2.0,0.0,16.0,56.0,2.0,78.0,0.0,0.0,80.02114388,33.00436816,108034,986.0,0.0,0.0,49,UTAH
2073,492073,207.0,728.0930624,3.51735778937,91.0,20.0,9.0,62.0,109.00238263,20.0,0.0,0.0,9.0,1.0,11.0,25.0,25.0,0.0,0.0,0.0,18.00238263,108034,0.0,0.0,0.0,49,UTAH
2074,492074,74.0,273.0348984,3.68966078919,1101.0,548.0,4.0,549.0,1107.00079421,491.0,57.0,4.0,0.0,78.0,46.0,126.0,299.0,0.0,0.0,0.0,6.000794211,83281,0.0,0.0,0.0,49,UTAH
2075,492075,154.0,515.4408819,3.34701871364,437.0,19.0,15.0,403.0,450.00172079,15.0,4.0,2.0,13.0,24.0,68.0,130.0,181.0,0.0,0.0,0.0,13.00172079,81405,526.0,226.0,0.0,49,UTAH
2076,492076,247.0,746.4704113,3.02214741417,494.0,22.0,2.0,470.0,515.00277974,13.0,9.0,2.0,0.0,119.0,41.0,30.0,280.0,0.0,0.0,0.0,21.00277974,85346,0.0,0.0,0.0,49,UTAH
2077,492077,327.0,1170.024549,3.57805672477,85.0,23.0,1.0,61.0,113.00370632,0.0,23.0,1.0,0.0,19.0,6.0,3.0,33.0,0.0,0.0,0.0,28.00370632,108034,0.0,0.0,0.0,49,UTAH
2078,492078,135.0,518.9413293,3.84400984667,21.0,0.0,0.0,21.0,37.002645614,0.0,0.0,0.0,0.0,6.0,2.0,0.0,13.0,0.0,0.0,4.001057194,12.00158842,108034,0.0,0.0,0.0,49,UTAH
2079,492079,0.0,0.0,0.0,3089.0,7.0,2104.0,978.0,3089.0,3.0,4.0,2097.0,7.0,161.0,578.0,1.0,238.0,0.0,0.0,0.0,0.0,146773,0.0,0.0,0.0,49,UTAH
2080,492080,28.0,94.51208021,3.37543143607,451.0,13.0,8.0,430.0,498.012158167,2.0,11.0,8.0,0.0,74.0,235.0,16.0,105.0,0.0,0.0,45.01189343,2.000264737,146773,0.0,0.0,0.0,49,UTAH
2081,492081,123.0,425.3043609,3.45775903171,186.0,7.0,0.0,179.0,206.003834737,0.0,7.0,0.0,0.0,80.0,37.0,16.0,46.0,0.0,0.0,9.002378687,11.00145605,101374,0.0,0.0,0.0,49,UTAH
2082,492082,514.0,1777.352175,3.45788360895,0.0,0.0,0.0,0.0,217.05154781,0.0,0.0,0.0,0.0,0.0,0.0,0.0,0.0,0.0,0.0,173.0457236,44.00582421,101374,0.0,0.0,0.0,49,UTAH
2083,492083,21.0,81.3854024,3.87549535238,334.0,0.0,2.0,332.0,336.000264737,0.0,0.0,2.0,0.0,1.0,329.0,2.0,0.0,0.0,0.0,0.0,2.000264737,114701,0.0,0.0,0.0,49,UTAH
2084,492084,280.0,920.6176702,3.28792025071,0.0,0.0,0.0,0.0,24.00317684,0.0,0.0,0.0,0.0,0.0,0.0,0.0,0.0,0.0,0.0,0.0,24.00317684,101374,0.0,0.0,0.0,49,UTAH
2085,492085,0.0,0.0,0.0,713.0,124.0,63.0,526.0,713.0,27.0,97.0,5.0,58.0,220.0,42.0,16.0,248.0,0.0,0.0,0.0,0.0,53998,897.0,0.0,0.0,49,UTAH
2086,492086,658.0,1751.973931,2.66257436322,0.0,0.0,0.0,0.0,57.00754501,0.0,0.0,0.0,0.0,0.0,0.0,0.0,0.0,0.0,0.0,0.0,57.00754501,53998,0.0,0.0,0.0,49,UTAH
2087,492087,0.0,0.0,0.0,2324.0,110.0,55.0,2159.0,2324.0,4.0,106.0,16.0,39.0,325.0,132.0,1425.0,277.0,0.0,0.0,0.0,0.0,53998,0.0,0.0,0.0,49,UTAH
2088,492088,5.0,12.25156595,2.45031319,77.0,1.0,0.0,76.0,78.003216727,1.0,0.0,0.0,0.0,4.0,59.0,0.0,13.0,1.003216727,0.0,0.0,0.0,53998,1104.0,0.0,0.0,49,UTAH
2089,492089,0.0,0.0,0.0,1295.0,5.0,5.0,1285.0,1296.00321673,5.0,0.0,1.0,4.0,1141.0,1.0,1.0,142.0,1.003216727,0.0,0.0,0.0,53998,0.0,0.0,0.0,49,UTAH
2090,492090,0.0,0.0,0.0,1261.0,489.0,41.0,731.0,1333.02198193,285.0,204.0,8.0,33.0,393.0,35.0,10.0,293.0,1.003216727,0.0,71.0187652,0.0,53998,0.0,0.0,0.0,49,UTAH
2091,492091,0.0,0.0,0.0,235.0,58.0,9.0,168.0,235.0,58.0,0.0,0.0,9.0,35.0,8.0,2.0,123.0,0.0,0.0,0.0,0.0,66320,0.0,0.0,0.0,49,UTAH
2092,492092,232.0,763.0975365,3.2892135194,366.0,5.0,5.0,356.0,386.00264737,5.0,0.0,1.0,4.0,102.0,12.0,21.0,221.0,0.0,0.0,0.0,20.00264737,66320,0.0,0.0,0.0,49,UTAH
2093,492093,0.0,0.0,0.0,220.0,1.0,2.0,217.0,220.0,0.0,1.0,0.0,2.0,104.0,21.0,4.0,88.0,0.0,0.0,0.0,0.0,66320,0.0,0.0,0.0,49,UTAH
2094,492094,425.0,1289.039761,3.03303473176,32.0,1.0,0.0,31.0,69.00489764,0.0,1.0,0.0,0.0,9.0,1.0,0.0,21.0,0.0,0.0,0.0,37.00489764,75045,0.0,0.0,0.0,49,UTAH
2095,492095,0.0,0.0,0.0,179.0,0.0,2.0,177.0,319.0370018,0.0,0.0,0.0,2.0,88.0,59.0,2.0,28.0,0.0,0.0,140.0370018,0.0,66320,0.0,0.0,0.0,49,UTAH
2096,492096,0.0,0.0,0.0,1570.0,39.0,30.0,1501.0,1572.00643345,0.0,39.0,30.0,0.0,198.0,88.0,7.0,1208.0,2.006433454,0.0,0.0,0.0,66320,0.0,0.0,0.0,49,UTAH
2097,492097,0.0,0.0,0.0,1199.0,9.0,17.0,1173.0,1313.03013,0.0,9.0,15.0,2.0,537.0,104.0,65.0,467.0,0.0,0.0,114.03013,0.0,66320,0.0,0.0,0.0,49,UTAH
2098,492098,0.0,0.0,0.0,3965.0,115.0,199.0,3651.0,3967.0005286,63.0,52.0,1.0,198.0,2884.0,98.0,3.0,666.0,0.0,0.0,2.000528597,0.0,66320,0.0,0.0,0.0,49,UTAH
2099,492099,0.0,0.0,0.0,1828.0,338.0,149.0,1341.0,1828.0,312.0,26.0,0.0,149.0,1165.0,11.0,28.0,137.0,0.0,0.0,0.0,0.0,66320,0.0,0.0,0.0,49,UTAH
2100,492100,0.0,0.0,0.0,1296.0,1027.0,2.0,267.0,1296.0,1027.0,0.0,0.0,2.0,185.0,30.0,2.0,50.0,0.0,0.0,0.0,0.0,66320,0.0,0.0,0.0,49,UTAH
2101,492101,165.0,499.6888685,3.02841738485,97.0,5.0,1.0,91.0,117.003438951,1.0,4.0,0.0,1.0,2.0,6.0,0.0,83.0,0.0,0.0,6.001585791,14.00185316,75045,0.0,0.0,0.0,49,UTAH
2102,492102,0.0,0.0,0.0,552.0,255.0,4.0,293.0,552.0,25.0,230.0,0.0,4.0,47.0,14.0,0.0,232.0,0.0,0.0,0.0,0.0,53063,0.0,0.0,0.0,49,UTAH
2103,492103,370.0,970.4990459,2.62297039432,1189.0,13.0,27.0,1149.0,1221.00423579,7.0,6.0,1.0,26.0,493.0,29.0,73.0,554.0,0.0,0.0,0.0,32.00423579,53063,0.0,0.0,0.0,49,UTAH
2104,492104,728.0,2378.554019,3.26724453159,587.0,53.0,4.0,530.0,652.008867817,53.0,0.0,4.0,0.0,228.0,126.0,47.0,129.0,0.0,0.0,2.000528597,63.00833922,53063,0.0,0.0,271.0,49,UTAH
2105,492105,2.0,4.375559269,2.1877796345,463.0,6.0,15.0,442.0,485.71880819,3.0,3.0,12.0,3.0,203.0,68.0,130.0,41.0,0.0,22.71880819,0.0,0.0,53063,0.0,0.0,0.0,49,UTAH
2106,492106,225.0,713.2161608,3.16984960356,2497.0,1.0,0.0,2496.0,2549.01123685,0.0,1.0,0.0,0.0,2011.0,402.0,2.0,81.0,0.0,0.0,33.00872185,19.002515,101374,0.0,0.0,0.0,49,UTAH
2107,492107,68.0,232.7797531,3.42323166324,287.0,73.0,12.0,202.0,293.000794211,67.0,6.0,12.0,0.0,45.0,70.0,1.0,86.0,0.0,0.0,0.0,6.000794211,101374,0.0,0.0,0.0,49,UTAH
2108,492108,764.0,2436.311401,3.18888926832,194.0,2.0,0.0,192.0,377.03965922,0.0,2.0,0.0,0.0,133.0,56.0,0.0,3.0,0.0,0.0,117.0309229,66.00873632,101374,0.0,0.0,0.0,49,UTAH
2109,492109,82.0,283.5362406,3.45775903171,9.0,9.0,0.0,0.0,42.00779834,7.0,2.0,0.0,0.0,0.0,0.0,0.0,0.0,0.0,0.0,26.00687176,7.00092658,101374,0.0,0.0,0.0,49,UTAH
2110,492110,301.0,1008.128856,3.34926530233,526.0,131.0,2.0,393.0,552.00344158,123.0,8.0,2.0,0.0,56.0,70.0,1.0,266.0,0.0,0.0,0.0,26.00344158,101374,0.0,0.0,0.0,49,UTAH
2111,492111,735.0,2411.808269,3.28137179456,0.0,0.0,0.0,0.0,63.00833922,0.0,0.0,0.0,0.0,0.0,0.0,0.0,0.0,0.0,0.0,0.0,63.00833922,101910,0.0,0.0,0.0,49,UTAH
2112,492112,0.0,0.0,0.0,2673.0,1372.0,35.0,1266.0,2673.0,1293.0,79.0,32.0,3.0,555.0,170.0,70.0,471.0,0.0,0.0,0.0,0.0,101942,0.0,0.0,0.0,49,UTAH
2113,492113,0.0,0.0,0.0,1506.0,63.0,7.0,1436.0,1744.0629031,2.0,61.0,2.0,5.0,1376.0,12.0,17.0,31.0,0.0,0.0,238.0629031,0.0,101942,0.0,0.0,0.0,49,UTAH
2114,492114,354.0,1222.53126,3.45347813559,82.0,0.0,2.0,80.0,113.00410342,0.0,0.0,0.0,2.0,9.0,62.0,0.0,9.0,0.0,0.0,0.0,31.00410342,101374,1062.0,0.0,0.0,49,UTAH
2115,492115,320.0,1069.386685,3.34183339062,4.0,1.0,1.0,2.0,32.00370632,1.0,0.0,1.0,0.0,1.0,0.0,0.0,1.0,0.0,0.0,0.0,28.00370632,101910,0.0,0.0,0.0,49,UTAH
2116,492116,0.0,0.0,0.0,528.0,60.0,23.0,445.0,557.013569514,7.0,53.0,11.0,12.0,256.0,61.0,8.0,120.0,2.006433454,0.0,27.00713606,0.0,101942,0.0,0.0,0.0,49,UTAH
2117,492117,1055.0,3595.210167,3.40778214882,0.0,0.0,0.0,0.0,385.51547222,0.0,0.0,0.0,0.0,0.0,0.0,0.0,0.0,0.0,45.43761639,249.0658103,91.01204553,101374,0.0,0.0,0.0,49,UTAH
2118,492118,2.0,11.3764541,5.68822705,4.0,0.0,1.0,3.0,4.0,0.0,0.0,0.0,1.0,1.0,0.0,0.0,2.0,0.0,0.0,0.0,0.0,101374,0.0,0.0,0.0,49,UTAH
2119,492119,941.0,2881.118894,3.06176290542,0.0,0.0,0.0,0.0,89.012836238,0.0,0.0,0.0,0.0,0.0,0.0,0.0,0.0,0.0,0.0,8.002114388,81.01072185,100789,0.0,0.0,0.0,49,UTAH
2120,492120,448.0,1613.706258,3.60202289732,0.0,0.0,0.0,0.0,54.00912685,0.0,0.0,0.0,0.0,0.0,0.0,0.0,0.0,0.0,0.0,15.00396448,39.00516237,114503,932.0,0.0,0.0,49,UTAH
2121,492121,460.0,1825.483327,3.96844201522,0.0,0.0,0.0,0.0,60.01058071,0.0,0.0,0.0,0.0,0.0,0.0,0.0,0.0,0.0,0.0,20.00528597,40.00529474,120774,0.0,0.0,0.0,49,UTAH
2122,492122,350.0,1115.767614,3.18790746857,0.0,0.0,0.0,0.0,33.004763956,0.0,0.0,0.0,0.0,0.0,0.0,0.0,0.0,0.0,0.0,3.000792896,30.00397106,91468,0.0,0.0,0.0,49,UTAH
2123,492123,498.0,1922.620743,3.86068422289,278.0,0.0,14.0,264.0,378.02075687,0.0,0.0,4.0,10.0,51.0,86.0,9.0,118.0,0.0,0.0,57.01506502,43.00569185,133923,0.0,0.0,0.0,49,UTAH
2124,492124,96.0,380.6736564,3.9653505875,0.0,0.0,0.0,0.0,10.007492402,0.0,0.0,0.0,0.0,0.0,0.0,0.0,0.0,2.006433454,0.0,0.0,8.001058948,101033,0.0,0.0,0.0,49,UTAH
2125,492125,260.0,985.3759474,3.78990749,622.0,76.0,94.0,452.0,644.00291211,31.0,45.0,85.0,9.0,88.0,129.0,65.0,170.0,0.0,0.0,0.0,22.00291211,101033,748.0,1393.0,0.0,49,UTAH
2126,492126,124.0,454.1830521,3.66276654919,0.0,0.0,0.0,0.0,105.032204974,0.0,0.0,0.0,0.0,0.0,0.0,0.0,0.0,2.006433454,0.0,92.02431547,11.00145605,146773,0.0,0.0,0.0,49,UTAH
2127,492127,363.0,1384.426953,3.81384835537,565.0,192.0,21.0,352.0,675.027935437,36.0,156.0,3.0,18.0,21.0,27.0,1.0,303.0,1.003216727,0.0,78.02061529,31.00410342,92413,0.0,0.0,0.0,49,UTAH
2128,492128,288.0,1046.633777,3.63414505903,0.0,0.0,0.0,0.0,73.596265477,0.0,0.0,0.0,0.0,0.0,0.0,0.0,0.0,1.003216727,21.58286778,26.00687176,25.00330921,133704,0.0,0.0,0.0,49,UTAH
2129,492129,415.0,1398.428742,3.36970781205,325.0,58.0,2.0,265.0,367.006351061,51.0,7.0,0.0,2.0,97.0,77.0,18.0,73.0,0.0,0.0,6.001585791,36.00476527,57418,0.0,0.0,0.0,49,UTAH
2130,492130,226.0,796.351787,3.52368047345,0.0,0.0,0.0,0.0,28.007714187,0.0,0.0,0.0,0.0,0.0,0.0,0.0,0.0,1.003216727,0.0,7.00185009,20.00264737,132458,0.0,0.0,0.0,49,UTAH
2131,492131,203.0,619.5791925,3.05211424877,447.0,4.0,20.0,423.0,473.004497018,4.0,0.0,8.0,12.0,52.0,117.0,85.0,169.0,0.0,0.0,8.002114388,18.00238263,77352,537.0,230.0,0.0,49,UTAH
2132,492132,363.0,1213.780141,3.3437469449,78.0,4.0,1.0,73.0,120.0070107,4.0,0.0,1.0,0.0,5.0,45.0,3.0,20.0,0.0,0.0,11.00290728,31.00410342,69098,649.0,0.0,0.0,49,UTAH
2133,492133,410.0,1404.554525,3.4257427439,39.0,0.0,0.0,39.0,84.00727589,0.0,0.0,0.0,0.0,1.0,11.0,19.0,8.0,0.0,0.0,10.00264299,35.0046329,109592,0.0,0.0,0.0,49,UTAH
2134,492134,228.0,845.3580508,3.70771074912,0.0,0.0,0.0,0.0,27.00449746,0.0,0.0,0.0,0.0,0.0,0.0,0.0,0.0,0.0,0.0,7.00185009,20.00264737,104961,0.0,0.0,0.0,49,UTAH
2135,492135,270.0,1041.383106,3.85697446667,0.0,0.0,0.0,0.0,38.00700896,0.0,0.0,0.0,0.0,0.0,0.0,0.0,0.0,0.0,0.0,15.00396448,23.00304448,104043,0.0,0.0,0.0,49,UTAH
2136,492136,150.0,573.1982642,3.82132176133,102.0,16.0,1.0,85.0,127.00489237,16.0,0.0,0.0,1.0,1.0,4.0,1.0,79.0,0.0,0.0,12.00317158,13.00172079,79245,0.0,0.0,0.0,49,UTAH
2137,492137,211.0,735.0939572,3.48385761706,0.0,0.0,0.0,0.0,160.75290662,0.0,0.0,0.0,0.0,0.0,0.0,0.0,0.0,0.0,22.71880819,120.0317158,18.00238263,79245,0.0,0.0,0.0,49,UTAH
2138,492138,176.0,668.5854563,3.7987810017,25.0,1.0,0.0,24.0,178.03845873,1.0,0.0,0.0,0.0,11.0,10.0,3.0,0.0,0.0,0.0,138.0364732,15.00198553,79245,0.0,0.0,0.0,49,UTAH
2139,492139,354.0,1396.678519,3.9454195452,0.0,0.0,0.0,0.0,34.004896316,0.0,0.0,0.0,0.0,0.0,0.0,0.0,0.0,0.0,0.0,3.000792896,31.00410342,125487,0.0,0.0,0.0,49,UTAH
2140,492140,267.0,904.8656568,3.38900995056,65.0,1.0,8.0,56.0,88.00304448,0.0,1.0,0.0,8.0,7.0,44.0,0.0,5.0,0.0,0.0,0.0,23.00304448,86568,838.0,0.0,0.0,49,UTAH
2141,492141,287.0,1002.878184,3.49434907317,96.0,4.0,0.0,92.0,121.00330921,0.0,4.0,0.0,0.0,4.0,31.0,16.0,41.0,0.0,0.0,0.0,25.00330921,95947,0.0,0.0,0.0,49,UTAH
2142,492142,401.0,1230.407266,3.06834729676,639.0,246.0,2.0,391.0,692.00939027,129.0,117.0,0.0,2.0,12.0,192.0,27.0,160.0,0.0,0.0,18.00475737,35.0046329,95947,0.0,0.0,0.0,49,UTAH
2143,492143,256.0,894.3643146,3.49361060391,307.0,0.0,2.0,305.0,329.00291211,0.0,0.0,2.0,0.0,22.0,14.0,23.0,246.0,0.0,0.0,0.0,22.00291211,110551,0.0,0.0,0.0,49,UTAH
2144,492144,387.0,1510.44306,3.90295364341,150.0,5.0,0.0,145.0,184.007584887,5.0,0.0,0.0,0.0,27.0,85.0,0.0,33.0,1.003216727,0.0,0.0,33.00436816,108776,1113.0,0.0,0.0,49,UTAH
2145,492145,314.0,1307.41711,4.16374875796,0.0,0.0,0.0,0.0,29.010007404,0.0,0.0,0.0,0.0,0.0,0.0,0.0,0.0,2.006433454,0.0,0.0,27.00357395,111361,0.0,0.0,0.0,49,UTAH
2146,492146,348.0,1319.668676,3.79215136782,94.0,1.0,6.0,87.0,224.033353347,1.0,0.0,0.0,6.0,5.0,76.0,4.0,2.0,1.003216727,0.0,99.02616556,30.00397106,69844,0.0,1408.0,0.0,49,UTAH
2147,492147,233.0,824.3553663,3.53800586395,0.0,0.0,0.0,0.0,27.00449746,0.0,0.0,0.0,0.0,0.0,0.0,0.0,0.0,0.0,0.0,7.00185009,20.00264737,109543,0.0,0.0,0.0,49,UTAH
2148,492148,171.0,652.8334429,3.81773943216,0.0,0.0,0.0,0.0,15.00198553,0.0,0.0,0.0,0.0,0.0,0.0,0.0,0.0,0.0,0.0,0.0,15.00198553,69844,0.0,0.0,0.0,49,UTAH
2149,492149,475.0,1933.122085,4.06973070526,0.0,0.0,0.0,0.0,46.01265346,0.0,0.0,0.0,0.0,0.0,0.0,0.0,0.0,2.006433454,0.0,3.000792896,41.00542711,78089,0.0,0.0,0.0,49,UTAH
2150,492150,354.0,1362.549156,3.84900891525,242.0,0.0,1.0,241.0,273.00410342,0.0,0.0,1.0,0.0,16.0,180.0,19.0,26.0,0.0,0.0,0.0,31.00410342,76025,790.0,1900.0,0.0,49,UTAH
2151,492151,550.0,1979.503013,3.59909638727,46.0,11.0,18.0,17.0,103.011684805,1.0,10.0,11.0,7.0,2.0,2.0,5.0,8.0,1.003216727,0.0,8.002114388,48.00635369,88879,0.0,0.0,0.0,49,UTAH
2152,492152,287.0,985.3759474,3.43336567038,0.0,0.0,0.0,0.0,25.00330921,0.0,0.0,0.0,0.0,0.0,0.0,0.0,0.0,0.0,0.0,0.0,25.00330921,68630,0.0,0.0,0.0,49,UTAH
2153,492153,314.0,1025.631093,3.26634106051,0.0,0.0,0.0,0.0,90.02022476,0.0,0.0,0.0,0.0,0.0,0.0,0.0,0.0,0.0,0.0,63.01665081,27.00357395,68985,0.0,0.0,0.0,49,UTAH
2154,492154,357.0,1111.392054,3.1131430084,0.0,0.0,0.0,0.0,33.004632017,0.0,0.0,0.0,0.0,0.0,0.0,0.0,0.0,0.0,0.0,2.000528597,31.00410342,70528,0.0,0.0,0.0,49,UTAH
2155,492155,225.0,911.8665517,4.05274022978,0.0,0.0,0.0,0.0,27.004629388,0.0,0.0,0.0,0.0,0.0,0.0,0.0,0.0,0.0,0.0,8.002114388,19.002515,71919,0.0,0.0,0.0,49,UTAH
2156,492156,329.0,1253.160175,3.8089974924,40.0,0.0,0.0,40.0,68.00370632,0.0,0.0,0.0,0.0,0.0,39.0,0.0,1.0,0.0,0.0,0.0,28.00370632,77216,0.0,0.0,0.0,49,UTAH
2157,492157,232.0,924.1181176,3.98326774828,617.0,450.0,2.0,165.0,637.00264737,415.0,35.0,1.0,1.0,1.0,18.0,115.0,31.0,0.0,0.0,0.0,20.00264737,71919,0.0,0.0,0.0,49,UTAH
2158,492158,445.0,1723.970352,3.87409067865,0.0,0.0,0.0,0.0,38.00503,0.0,0.0,0.0,0.0,0.0,0.0,0.0,0.0,0.0,0.0,0.0,38.00503,76749,0.0,0.0,0.0,49,UTAH
2159,492159,354.0,1107.016495,3.12716524011,60.0,4.0,0.0,56.0,91.00410342,1.0,3.0,0.0,0.0,0.0,45.0,4.0,7.0,0.0,0.0,0.0,31.00410342,69778,0.0,0.0,0.0,49,UTAH
2160,492160,646.0,2082.669294,3.22394627554,253.0,38.0,5.0,210.0,282.010007404,35.0,3.0,1.0,4.0,1.0,172.0,16.0,21.0,2.006433454,0.0,0.0,27.00357395,110551,0.0,0.0,2505.0,49,UTAH
2161,492161,597.0,2179.028516,3.6499640134,515.0,63.0,84.0,368.0,568.010099887,61.0,2.0,1.0,83.0,24.0,99.0,120.0,125.0,1.003216727,0.0,0.0,52.00688316,59555,1759.0,0.0,0.0,49,UTAH
2162,492162,375.0,1448.310118,3.86216031467,82.0,21.0,0.0,61.0,123.006614477,21.0,0.0,0.0,0.0,0.0,4.0,3.0,54.0,0.0,0.0,9.002378687,32.00423579,62168,0.0,0.0,0.0,49,UTAH
2163,492163,439.0,1597.079133,3.63799346925,0.0,0.0,0.0,0.0,38.00503,0.0,0.0,0.0,0.0,0.0,0.0,0.0,0.0,0.0,0.0,0.0,38.00503,90436,0.0,0.0,0.0,49,UTAH
2164,492164,191.0,629.2054229,3.29426922984,1226.0,2.0,5.0,1219.0,1246.01190044,1.0,1.0,1.0,4.0,8.0,1117.0,0.0,94.0,3.009650181,0.0,0.0,17.00225026,70528,0.0,0.0,0.0,49,UTAH
2165,492165,633.0,2355.80111,3.72164472354,262.0,0.0,4.0,258.0,402.032698077,0.0,0.0,0.0,4.0,58.0,181.0,6.0,13.0,1.003216727,0.0,84.02220108,55.00728027,93888,1112.0,429.0,132.0,49,UTAH
2166,492166,438.0,1578.701784,3.6043419726,142.0,8.0,21.0,113.0,197.018380361,5.0,3.0,8.0,13.0,0.0,56.0,8.0,49.0,3.009650181,0.0,14.00370018,38.00503,113975,291.0,83.0,0.0,49,UTAH
2167,492167,552.0,2035.510172,3.68751842754,383.0,53.0,11.0,319.0,432.009570417,9.0,44.0,2.0,9.0,96.0,19.0,22.0,182.0,1.003216727,0.0,0.0,48.00635369,67277,0.0,0.0,0.0,49,UTAH
2168,492168,508.0,1522.694626,2.99743036614,987.0,4.0,9.0,974.0,1031.00582421,4.0,0.0,6.0,3.0,36.0,720.0,1.0,217.0,0.0,0.0,0.0,44.00582421,50173,903.0,0.0,0.0,49,UTAH
2169,492169,534.0,1681.089871,3.14810837266,76.0,14.0,11.0,51.0,171.01903958,14.0,0.0,0.0,11.0,11.0,6.0,24.0,10.0,0.0,0.0,49.01295063,46.00608895,58239,0.0,0.0,0.0,49,UTAH
2170,492170,674.0,2189.529858,3.24856062018,285.0,7.0,1.0,277.0,343.00767737,0.0,7.0,0.0,1.0,51.0,199.0,0.0,27.0,0.0,0.0,0.0,58.00767737,87354,0.0,0.0,2322.0,49,UTAH
2171,492171,2.0,3.500447415,1.7502237075,3252.0,1361.0,485.0,1406.0,3288.00951475,824.0,537.0,157.0,328.0,232.0,113.0,65.0,996.0,0.0,0.0,36.00951475,0.0,37614,0.0,0.0,0.0,49,UTAH
2172,492172,117.0,295.7878066,2.52810091111,2339.0,1404.0,3.0,932.0,2420.02008889,965.0,439.0,2.0,1.0,27.0,90.0,21.0,794.0,0.0,0.0,71.0187652,10.00132369,37614,0.0,0.0,0.0,49,UTAH
2173,492173,393.0,1078.137804,2.74335319084,1098.0,323.0,13.0,762.0,1145.00793641,229.0,94.0,6.0,7.0,182.0,48.0,50.0,482.0,0.0,0.0,13.00343588,34.00450053,37614,0.0,0.0,0.0,49,UTAH
2174,492174,378.0,1045.758665,2.76655731481,228.0,14.0,16.0,198.0,283.01018273,13.0,1.0,0.0,16.0,21.0,54.0,27.0,96.0,0.0,0.0,22.00581457,33.00436816,55183,1.0,0.0,0.0,49,UTAH
2175,492175,267.0,719.3419438,2.69416458352,396.0,26.0,45.0,325.0,419.00304448,26.0,0.0,17.0,28.0,9.0,113.0,114.0,89.0,0.0,0.0,0.0,23.00304448,34373,518.0,0.0,0.0,49,UTAH
2176,492176,761.0,2514.196356,3.30380598686,292.0,26.0,2.0,264.0,361.009529216,3.0,23.0,0.0,2.0,72.0,45.0,67.0,80.0,0.0,0.0,3.000792896,66.00873632,62418,681.4285714,46.28571429,46.28571429,49,UTAH
2177,492177,13.0,38.50492157,2.96191704385,1158.0,206.0,172.0,780.0,1165.00171816,174.0,32.0,37.0,135.0,123.0,190.0,8.0,459.0,0.0,0.0,6.001585791,1.000132369,49649,0.0,0.0,0.0,49,UTAH
2178,492178,176.0,467.3097299,2.65516891989,1207.0,152.0,197.0,858.0,1222.00198553,94.0,58.0,5.0,192.0,36.0,13.0,107.0,702.0,0.0,0.0,0.0,15.00198553,34571,0.0,0.0,0.0,49,UTAH
2179,492179,463.0,1247.909504,2.69526890713,1053.0,140.0,57.0,856.0,1093.00529474,64.0,76.0,7.0,50.0,157.0,65.0,292.0,342.0,0.0,0.0,0.0,40.00529474,27941,0.0,0.0,0.0,49,UTAH
2180,492180,141.0,387.6745512,2.74946490213,360.0,288.0,5.0,67.0,372.00158842,211.0,77.0,0.0,5.0,5.0,4.0,7.0,51.0,0.0,0.0,0.0,12.00158842,49649,0.0,0.0,0.0,49,UTAH
2181,492181,483.0,1406.304749,2.9116040352,229.0,31.0,10.0,188.0,282.00846676,28.0,3.0,10.0,0.0,18.0,71.0,41.0,58.0,0.0,0.0,11.00290728,42.00555948,49536,610.0,0.0,0.0,49,UTAH
2182,492182,114.0,323.7913859,2.84027531491,443.0,77.0,16.0,350.0,453.00132369,74.0,3.0,13.0,3.0,21.0,89.0,19.0,221.0,0.0,0.0,0.0,10.00132369,49609,0.0,0.0,0.0,49,UTAH
2183,492183,689.0,2047.761738,2.97207799419,1224.0,342.0,224.0,658.0,1284.00794211,79.0,263.0,5.0,219.0,54.0,40.0,247.0,317.0,0.0,0.0,0.0,60.00794211,48381,0.0,0.0,0.0,49,UTAH
2184,492184,263.0,808.6033529,3.0745374635,3717.0,542.0,134.0,3041.0,3827.02603845,225.0,317.0,21.0,113.0,495.0,295.0,313.0,1938.0,0.0,0.0,87.02299397,23.00304448,48381,303.0,130.0,130.0,49,UTAH
2185,492185,274.0,763.0975365,2.78502750547,317.0,49.0,1.0,267.0,362.00872711,45.0,4.0,1.0,0.0,93.0,19.0,76.0,79.0,0.0,0.0,21.00555027,24.00317684,48122,0.0,0.0,0.0,49,UTAH
2186,492186,232.0,693.9637001,2.99122284526,7300.0,1102.0,1849.0,4349.0,7321.0058641,1035.0,67.0,732.0,1117.0,2732.0,842.0,49.0,726.0,1.003216727,0.0,0.0,20.00264737,48381,641.0,29.0,0.0,49,UTAH
2187,492187,886.0,2528.198146,2.85349677878,572.0,36.0,6.0,530.0,664.01415686,36.0,0.0,0.0,6.0,298.0,43.0,24.0,165.0,0.0,0.0,15.00396448,77.01019238,48122,12.0,42.0,40.0,49,UTAH
2188,492188,1.0,3.500447415,3.500447415,775.0,181.0,1.0,593.0,777.003481026,180.0,1.0,0.0,1.0,528.0,28.0,2.0,35.0,1.003216727,0.0,1.000264299,0.0,67992,0.0,0.0,0.0,49,UTAH
2189,492189,81.0,235.4050887,2.90623566296,85.0,11.0,29.0,45.0,92.00092658,6.0,5.0,3.0,26.0,8.0,2.0,2.0,33.0,0.0,0.0,0.0,7.00092658,69608,0.0,0.0,0.0,49,UTAH
2190,492190,196.0,642.3321007,3.27720459541,47.0,0.0,1.0,46.0,105.021943791,0.0,0.0,0.0,1.0,11.0,1.0,12.0,22.0,3.009650181,0.0,38.01004335,17.00225026,64895,0.0,0.0,0.0,49,UTAH
2191,492191,694.0,2255.163247,3.24951476513,0.0,0.0,0.0,0.0,73.026140133,0.0,0.0,0.0,0.0,0.0,0.0,0.0,0.0,5.016083635,0.0,8.002114388,60.00794211,64895,0.0,0.0,0.0,49,UTAH
2192,492192,458.0,1365.174492,2.98073033188,7.0,0.0,0.0,7.0,127.038248338,0.0,0.0,0.0,0.0,0.0,0.0,0.0,7.0,4.012866908,0.0,76.02008669,40.00529474,64895,0.0,0.0,0.0,49,UTAH
2193,492193,404.0,1356.423373,3.35748359653,34.0,1.0,1.0,32.0,342.079738827,1.0,0.0,1.0,0.0,9.0,6.0,7.0,10.0,1.003216727,0.0,272.0718892,35.0046329,64895,0.0,0.0,0.0,49,UTAH
2194,492194,142.0,491.8128618,3.46347085775,0.0,0.0,0.0,0.0,99.042296962,0.0,0.0,0.0,0.0,0.0,0.0,0.0,0.0,6.019300362,0.0,81.02140818,12.00158842,64895,0.0,0.0,0.0,49,UTAH
2195,492195,246.0,746.4704113,3.03443256626,0.0,0.0,0.0,0.0,23.009213194,0.0,0.0,0.0,0.0,0.0,0.0,0.0,0.0,2.006433454,0.0,0.0,21.00277974,64895,0.0,0.0,0.0,49,UTAH
2196,492196,149.0,483.0617433,3.24202512282,337.0,230.0,5.0,102.0,361.019390216,225.0,5.0,2.0,3.0,24.0,40.0,2.0,36.0,5.016083635,0.0,6.001585791,13.00172079,64895,0.0,0.0,0.0,49,UTAH
2197,492197,0.0,0.0,0.0,933.0,299.0,123.0,511.0,1022.02352257,256.0,43.0,35.0,88.0,305.0,8.0,1.0,197.0,0.0,0.0,89.02352257,0.0,64895,0.0,0.0,0.0,49,UTAH
2198,492198,0.0,0.0,0.0,664.0,147.0,85.0,432.0,664.0,147.0,0.0,31.0,54.0,171.0,25.0,1.0,235.0,0.0,0.0,0.0,0.0,64895,0.0,0.0,0.0,49,UTAH
2199,492199,109.0,350.0447415,3.21141964679,0.0,0.0,0.0,0.0,15.020491679,0.0,0.0,0.0,0.0,0.0,0.0,0.0,0.0,6.019300362,0.0,0.0,9.001191317,64895,0.0,0.0,0.0,49,UTAH
2200,492200,42.0,129.5165544,3.08372748571,64.0,7.0,11.0,46.0,72.013396382,7.0,0.0,1.0,10.0,8.0,6.0,20.0,12.0,4.012866908,0.0,0.0,4.000529474,64895,0.0,0.0,0.0,49,UTAH
2201,492201,0.0,0.0,0.0,3541.0,43.0,277.0,3221.0,3547.01930036,41.0,2.0,253.0,24.0,1764.0,361.0,26.0,1070.0,6.019300362,0.0,0.0,0.0,64895,0.0,0.0,0.0,49,UTAH
2202,492202,48.0,154.0196863,3.20874346458,19.0,0.0,2.0,17.0,30.023046563,0.0,0.0,0.0,2.0,0.0,7.0,1.0,9.0,7.022517089,0.0,0.0,4.000529474,64895,0.0,0.0,0.0,49,UTAH
2203,492203,0.0,0.0,0.0,279.0,103.0,67.0,109.0,280.003216727,103.0,0.0,67.0,0.0,4.0,97.0,0.0,8.0,1.003216727,0.0,0.0,0.0,64895,0.0,0.0,0.0,49,UTAH
2204,492204,322.0,1121.893397,3.48414098447,14.0,0.0,0.0,14.0,42.00370632,0.0,0.0,0.0,0.0,0.0,14.0,0.0,0.0,0.0,0.0,0.0,28.00370632,69163,0.0,0.0,0.0,49,UTAH
2205,492205,294.0,1205.029023,4.09873817347,0.0,0.0,0.0,0.0,25.00330921,0.0,0.0,0.0,0.0,0.0,0.0,0.0,0.0,0.0,0.0,0.0,25.00330921,64564,0.0,0.0,0.0,49,UTAH
2206,492206,251.0,929.3687887,3.70266449681,0.0,0.0,0.0,0.0,22.00291211,0.0,0.0,0.0,0.0,0.0,0.0,0.0,0.0,0.0,0.0,0.0,22.00291211,70668,0.0,0.0,0.0,49,UTAH
2207,492207,127.0,499.6888685,3.93455801969,2692.0,38.0,6.0,2648.0,2706.00224895,37.0,1.0,5.0,1.0,60.0,296.0,2223.0,69.0,0.0,0.0,3.000792896,11.00145605,69163,0.0,0.0,0.0,49,UTAH
2208,492208,317.0,1281.163754,4.04152603785,0.0,0.0,0.0,0.0,62.0128244,0.0,0.0,0.0,0.0,0.0,0.0,0.0,0.0,0.0,0.0,35.00925045,27.00357395,64564,0.0,0.0,0.0,49,UTAH
2209,492209,314.0,1144.646305,3.64537039809,70.0,1.0,6.0,63.0,97.00357395,1.0,0.0,6.0,0.0,3.0,46.0,10.0,4.0,0.0,0.0,0.0,27.00357395,70668,788.0,0.0,0.0,49,UTAH
2210,492210,440.0,1610.205811,3.65955866136,2.0,0.0,1.0,1.0,50.00767299,0.0,0.0,1.0,0.0,0.0,0.0,0.0,1.0,0.0,0.0,10.00264299,38.00503,80062,0.0,0.0,0.0,49,UTAH
2211,492211,605.0,1847.361123,3.0534894595,936.0,54.0,12.0,870.0,988.00688316,26.0,28.0,2.0,10.0,36.0,33.0,538.0,263.0,0.0,0.0,0.0,52.00688316,45099,0.0,0.0,0.0,49,UTAH
2212,492212,467.0,1611.956035,3.45172598501,333.0,57.0,1.0,275.0,373.00529474,53.0,4.0,1.0,0.0,123.0,64.0,23.0,65.0,0.0,0.0,0.0,40.00529474,52594,891.0,0.0,0.0,49,UTAH
2213,492213,490.0,1437.808776,2.93430362449,188.0,70.0,22.0,96.0,234.006616674,64.0,6.0,1.0,21.0,16.0,29.0,9.0,42.0,0.0,0.0,4.001057194,42.00555948,49287,165.0,24.0,0.0,49,UTAH
2214,492214,463.0,1506.0675,3.25284557235,268.0,0.0,5.0,263.0,318.00793773,0.0,0.0,0.0,5.0,8.0,149.0,0.0,106.0,0.0,0.0,10.00264299,40.00529474,65045,727.0,1370.0,0.0,49,UTAH
2215,492215,557.0,2177.278292,3.90893768761,0.0,0.0,0.0,0.0,62.01005387,0.0,0.0,0.0,0.0,0.0,0.0,0.0,0.0,0.0,0.0,14.00370018,48.00635369,77024,326.0,140.0,0.0,49,UTAH
2216,492216,439.0,1317.04334,3.00009872437,154.0,8.0,2.0,144.0,192.00503,7.0,1.0,2.0,0.0,22.0,68.0,18.0,36.0,0.0,0.0,0.0,38.00503,44417,610.0,0.0,0.0,49,UTAH
2217,492217,564.0,1886.741157,3.34528573936,0.0,0.0,0.0,0.0,52.007278956,0.0,0.0,0.0,0.0,0.0,0.0,0.0,0.0,0.0,0.0,3.000792896,49.00648606,67044,0.0,0.0,0.0,49,UTAH
2218,492218,624.0,2161.526279,3.46398442147,0.0,0.0,0.0,0.0,222.054502527,0.0,0.0,0.0,0.0,0.0,0.0,0.0,0.0,1.003216727,0.0,167.0441379,54.0071479,75837,0.0,0.0,0.0,49,UTAH
2219,492219,53.0,119.0152121,2.24557003962,529.0,68.0,82.0,379.0,534.000661843,67.0,1.0,78.0,4.0,0.0,28.0,87.0,264.0,0.0,0.0,0.0,5.000661843,19735,0.0,0.0,0.0,49,UTAH
2220,492220,246.0,550.445356,2.23758274797,1828.0,179.0,45.0,1604.0,1850.00304404,104.0,75.0,45.0,0.0,112.0,777.0,108.0,607.0,0.0,0.0,1.000264299,21.00277974,19735,0.0,0.0,0.0,49,UTAH
2221,492221,723.0,2143.14893,2.96424471646,458.0,159.0,9.0,290.0,553.0169287,63.0,96.0,0.0,9.0,37.0,14.0,41.0,198.0,0.0,0.0,33.00872185,62.00820685,48506,0.0,0.0,0.0,49,UTAH
2222,492222,542.0,1831.60911,3.37935260148,278.0,1.0,1.0,276.0,369.01785046,1.0,0.0,1.0,0.0,11.0,166.0,13.0,86.0,0.0,0.0,44.01162914,47.00622132,68494,435.0,0.0,2048.0,49,UTAH
2223,492223,679.0,2355.80111,3.46951562592,0.0,0.0,0.0,0.0,80.01336001,0.0,0.0,0.0,0.0,0.0,0.0,0.0,0.0,0.0,0.0,21.00555027,59.00780974,68253,0.0,0.0,0.0,49,UTAH
2224,492224,146.0,467.3097299,3.20075157466,1000.0,135.0,9.0,856.0,1040.00885685,67.0,68.0,2.0,7.0,68.0,469.0,59.0,260.0,0.0,0.0,27.00713606,13.00172079,80370,0.0,316.0,316.0,49,UTAH
2225,492225,467.0,1530.570632,3.27745317345,42.0,2.0,5.0,35.0,82.00529474,0.0,2.0,5.0,0.0,2.0,1.0,4.0,28.0,0.0,0.0,0.0,40.00529474,75410,0.0,0.0,0.0,49,UTAH
2226,492226,423.0,1570.825778,3.7135361182,0.0,0.0,0.0,0.0,37.00489764,0.0,0.0,0.0,0.0,0.0,0.0,0.0,0.0,0.0,0.0,0.0,37.00489764,84055,0.0,0.0,0.0,49,UTAH
2227,492227,41.0,144.3934559,3.52179160732,522.0,86.0,22.0,414.0,526.000529474,19.0,67.0,1.0,21.0,54.0,218.0,7.0,135.0,0.0,0.0,0.0,4.000529474,42241,0.0,0.0,0.0,49,UTAH
2228,492228,244.0,756.0966417,3.09875672828,543.0,73.0,6.0,464.0,599.01203019,24.0,49.0,3.0,3.0,5.0,157.0,37.0,265.0,0.0,0.0,35.00925045,21.00277974,42241,1207.0,0.0,0.0,49,UTAH
2229,492229,311.0,1063.260902,3.41884534405,175.0,4.0,5.0,166.0,205.004366846,4.0,0.0,4.0,1.0,1.0,72.0,75.0,18.0,0.0,0.0,3.000792896,27.00357395,58413,595.0,1351.0,0.0,49,UTAH
2230,492230,472.0,1751.973931,3.71180917585,0.0,0.0,0.0,0.0,45.006484304,0.0,0.0,0.0,0.0,0.0,0.0,0.0,0.0,0.0,0.0,4.001057194,41.00542711,109264,0.0,0.0,0.0,49,UTAH
2231,492231,1331.0,3579.458153,2.68929988956,413.0,168.0,7.0,238.0,528.0152224,161.0,7.0,1.0,6.0,31.0,8.0,24.0,175.0,0.0,0.0,0.0,115.0152224,48122,0.0,0.0,0.0,49,UTAH
2232,492232,874.0,2371.553124,2.7134475103,567.0,361.0,30.0,176.0,718.0298824,272.0,89.0,1.0,29.0,27.0,9.0,44.0,96.0,0.0,0.0,75.01982239,76.01006001,48122,0.0,0.0,0.0,49,UTAH
2233,492233,248.0,617.8289688,2.49124584194,415.0,121.0,18.0,276.0,436.00277974,58.0,63.0,17.0,1.0,16.0,45.0,28.0,187.0,0.0,0.0,0.0,21.00277974,44872,0.0,0.0,0.0,49,UTAH
2234,492234,593.0,1813.231761,3.05772640978,1376.0,34.0,25.0,1317.0,1428.00996752,25.0,9.0,23.0,2.0,833.0,96.0,200.0,188.0,1.003216727,0.0,0.0,51.00675079,48122,0.0,0.0,0.0,49,UTAH
2235,492235,4.0,9.626230392,2.406557598,396.0,2.0,22.0,372.0,573.049733227,0.0,2.0,21.0,1.0,61.0,35.0,116.0,160.0,1.003216727,0.0,176.0465165,0.0,44872,0.0,0.0,0.0,49,UTAH
2236,492236,1154.0,3140.152003,2.72110225563,3049.0,30.0,258.0,2761.0,3149.0132369,19.0,11.0,252.0,6.0,1783.0,379.0,98.0,501.0,0.0,0.0,0.0,100.0132369,44872,0.0,0.0,0.0,49,UTAH
2237,492237,1.0,4.375559269,4.375559269,915.0,196.0,324.0,395.0,915.0,196.0,0.0,310.0,14.0,37.0,55.0,8.0,295.0,0.0,0.0,0.0,0.0,44872,0.0,0.0,0.0,49,UTAH
2238,492238,205.0,554.9024208,2.70684107707,390.0,32.0,1.0,357.0,408.00238263,13.0,19.0,1.0,0.0,32.0,11.0,74.0,240.0,0.0,0.0,0.0,18.00238263,19735,0.0,0.0,0.0,49,UTAH
2239,492239,0.0,0.0,0.0,1040.0,40.0,343.0,657.0,1046.01930036,37.0,3.0,295.0,48.0,62.0,127.0,1.0,467.0,6.019300362,0.0,0.0,0.0,67992,0.0,0.0,0.0,49,UTAH
2240,492240,7.0,20.41927659,2.91703951286,1631.0,344.0,40.0,1247.0,1632.00013237,243.0,101.0,8.0,32.0,167.0,80.0,14.0,986.0,0.0,0.0,0.0,1.000132369,67992,0.0,0.0,0.0,49,UTAH
2241,492241,0.0,0.0,0.0,442.0,26.0,143.0,273.0,445.009650181,24.0,2.0,106.0,37.0,103.0,11.0,12.0,147.0,3.009650181,0.0,0.0,0.0,67992,0.0,0.0,0.0,49,UTAH
2242,492242,471.0,1441.309223,3.06010450743,1312.0,6.0,259.0,1047.0,1374.02573953,2.0,4.0,75.0,184.0,338.0,192.0,12.0,505.0,5.016083635,0.0,16.00422878,41.00542711,67992,0.0,0.0,0.0,49,UTAH
2243,492243,95.0,295.7878066,3.11355585895,2035.0,966.0,168.0,901.0,2047.00506857,915.0,51.0,154.0,14.0,30.0,93.0,2.0,776.0,1.003216727,0.0,3.000792896,8.001058948,67992,0.0,0.0,0.0,49,UTAH
2244,492244,0.0,0.0,0.0,558.0,3.0,90.0,465.0,797.086786816,2.0,1.0,57.0,33.0,216.0,43.0,10.0,196.0,8.025733816,0.0,231.061053,0.0,64895,0.0,0.0,0.0,49,UTAH
2245,492245,0.0,0.0,0.0,2348.0,235.0,1192.0,921.0,2348.0,227.0,8.0,666.0,526.0,194.0,309.0,2.0,416.0,0.0,0.0,0.0,0.0,64895,0.0,0.0,0.0,49,UTAH
2246,492246,262.0,820.8549189,3.1330340416,1658.0,2.0,936.0,720.0,1702.0144996,2.0,0.0,736.0,200.0,227.0,145.0,4.0,344.0,2.006433454,0.0,19.00502167,23.00304448,67992,0.0,0.0,0.0,49,UTAH
2247,492247,177.0,675.5863511,3.81687204011,1159.0,154.0,392.0,613.0,1200.00885729,64.0,90.0,280.0,112.0,210.0,100.0,24.0,279.0,0.0,0.0,26.00687176,15.00198553,67797,0.0,0.0,0.0,49,UTAH
2248,492248,251.0,866.3607353,3.45163639562,216.0,24.0,166.0,26.0,266.01031247,24.0,0.0,159.0,7.0,3.0,15.0,0.0,8.0,0.0,0.0,28.00740036,22.00291211,65607,0.0,0.0,0.0,49,UTAH
2249,492249,330.0,1126.268956,3.4129362303,1022.0,76.0,46.0,900.0,1051.00383869,46.0,30.0,22.0,24.0,245.0,81.0,123.0,451.0,0.0,0.0,0.0,29.00383869,65233,0.0,0.0,0.0,49,UTAH
2250,492250,27.0,91.01163279,3.37080121444,3709.0,651.0,520.0,2538.0,3711.00026474,651.0,0.0,261.0,259.0,1052.0,92.0,0.0,1394.0,0.0,0.0,0.0,2.000264737,65233,0.0,0.0,0.0,49,UTAH
2251,492251,1.0,4.375559269,4.375559269,3412.0,303.0,1851.0,1258.0,3412.0,277.0,26.0,399.0,1452.0,64.0,403.0,3.0,788.0,0.0,0.0,0.0,0.0,78624,0.0,0.0,0.0,49,UTAH
2252,492252,220.0,649.3329955,2.95151361591,0.0,0.0,0.0,0.0,110.02656617,0.0,0.0,0.0,0.0,0.0,0.0,0.0,0.0,0.0,0.0,91.02405117,19.002515,78624,0.0,0.0,0.0,49,UTAH
2253,492253,19.0,58.6324942,3.08592074737,127.0,1.0,5.0,121.0,129.000264737,0.0,1.0,5.0,0.0,10.0,21.0,0.0,90.0,0.0,0.0,0.0,2.000264737,78624,0.0,0.0,0.0,49,UTAH
2254,492254,1631.0,4858.355296,2.97875861189,160.0,5.0,2.0,153.0,513.0746953,3.0,2.0,2.0,0.0,4.0,16.0,0.0,133.0,0.0,0.0,212.0560313,141.018664,78624,0.0,0.0,0.0,49,UTAH
2255,492255,1092.0,3306.423255,3.02786012363,361.0,8.0,7.0,346.0,1767.35920264,1.0,7.0,5.0,2.0,62.0,53.0,3.0,228.0,0.0,0.0,1312.34676,94.01244264,78624,0.0,0.0,0.0,49,UTAH
2256,492256,0.0,0.0,0.0,443.0,1.0,182.0,260.0,443.0,0.0,1.0,5.0,177.0,6.0,55.0,0.0,199.0,0.0,0.0,0.0,0.0,78624,0.0,0.0,0.0,49,UTAH
2257,492257,0.0,0.0,0.0,469.0,211.0,60.0,198.0,561.02431547,211.0,0.0,54.0,6.0,12.0,52.0,0.0,134.0,0.0,0.0,92.02431547,0.0,78624,0.0,0.0,0.0,49,UTAH
2258,492258,574.0,1706.492091,2.97298273693,1139.0,475.0,103.0,561.0,1312.04207956,457.0,18.0,64.0,39.0,272.0,49.0,3.0,237.0,1.003216727,0.0,122.0322444,50.00661843,78624,0.0,0.0,0.0,49,UTAH
2259,492259,0.0,0.0,0.0,785.0,10.0,232.0,543.0,915.0343588,10.0,0.0,26.0,206.0,17.0,216.0,0.0,310.0,0.0,0.0,130.0343588,0.0,78624,0.0,0.0,0.0,49,UTAH
2260,492260,0.0,0.0,0.0,953.0,28.0,231.0,694.0,953.0,28.0,0.0,190.0,41.0,339.0,87.0,0.0,268.0,0.0,0.0,0.0,0.0,78624,0.0,0.0,0.0,49,UTAH
2261,492261,0.0,0.0,0.0,1363.0,116.0,440.0,807.0,1363.0,115.0,1.0,389.0,51.0,192.0,60.0,0.0,555.0,0.0,0.0,0.0,0.0,78624,0.0,0.0,0.0,49,UTAH
2262,492262,628.0,1947.998987,3.10190921497,0.0,0.0,0.0,0.0,171.0380708,0.0,0.0,0.0,0.0,0.0,0.0,0.0,0.0,0.0,0.0,117.0309229,54.0071479,78624,0.0,0.0,0.0,49,UTAH
2263,492263,453.0,1339.735597,2.95747372406,0.0,0.0,0.0,0.0,26.00344158,0.0,0.0,0.0,0.0,0.0,0.0,0.0,0.0,0.0,0.0,0.0,26.00344158,78624,0.0,0.0,0.0,49,UTAH
2264,492264,0.0,0.0,0.0,756.0,5.0,14.0,737.0,756.0,0.0,5.0,7.0,7.0,408.0,80.0,24.0,225.0,0.0,0.0,0.0,0.0,78624,0.0,0.0,0.0,49,UTAH
2265,492265,275.0,808.6033529,2.94037582873,973.0,128.0,215.0,630.0,997.00317684,43.0,85.0,157.0,58.0,61.0,206.0,0.0,363.0,0.0,0.0,0.0,24.00317684,78624,0.0,0.0,0.0,49,UTAH
2266,492266,2.0,7.00089483,3.500447415,2191.0,215.0,735.0,1241.0,2191.0,176.0,39.0,104.0,631.0,163.0,185.0,5.0,888.0,0.0,0.0,0.0,0.0,78624,295.0,126.0,126.0,49,UTAH
2267,492267,351.0,1126.268956,3.20874346439,0.0,0.0,0.0,0.0,26.009610294,0.0,0.0,0.0,0.0,0.0,0.0,0.0,0.0,2.006433454,0.0,0.0,24.00317684,78624,0.0,0.0,0.0,49,UTAH
2268,492268,571.0,1812.356649,3.17400463923,0.0,0.0,0.0,0.0,92.020803327,0.0,0.0,0.0,0.0,0.0,0.0,0.0,0.0,1.003216727,0.0,42.01110054,49.00648606,78624,0.0,0.0,0.0,49,UTAH
2269,492269,1104.0,3304.999783,2.99365922373,0.0,0.0,0.0,0.0,93.01231027,0.0,0.0,0.0,0.0,0.0,0.0,0.0,0.0,0.0,0.0,0.0,93.01231027,78624,0.0,0.0,0.0,49,UTAH
2270,492270,461.0,1298.35169,2.81638110629,516.0,48.0,213.0,255.0,553.00489764,18.0,30.0,168.0,45.0,53.0,94.0,2.0,106.0,0.0,0.0,0.0,37.00489764,78624,0.0,0.0,0.0,49,UTAH
2271,492271,1.0,4.375559269,4.375559269,1243.0,217.0,795.0,231.0,1243.0,189.0,28.0,684.0,111.0,46.0,9.0,0.0,176.0,0.0,0.0,0.0,0.0,78624,0.0,0.0,0.0,49,UTAH
2272,492272,281.0,900.5923834,3.20495510107,0.0,0.0,0.0,0.0,120.02907727,0.0,0.0,0.0,0.0,0.0,0.0,0.0,0.0,0.0,0.0,100.0264299,20.00264737,78624,0.0,0.0,0.0,49,UTAH
2273,492273,148.0,471.6852892,3.18706276486,33.0,0.0,0.0,33.0,47.004937517,0.0,0.0,0.0,0.0,0.0,31.0,0.0,2.0,1.003216727,0.0,0.0,13.00172079,78624,0.0,0.0,0.0,49,UTAH
2274,492274,297.0,998.5026252,3.36196170101,36.0,0.0,7.0,29.0,107.01533501,0.0,0.0,7.0,0.0,1.0,0.0,0.0,28.0,0.0,0.0,45.01189343,26.00344158,78624,0.0,0.0,0.0,49,UTAH
2275,492275,461.0,1337.200411,2.90065165076,32.0,5.0,5.0,22.0,118.01771633,5.0,0.0,3.0,2.0,0.0,1.0,0.0,21.0,0.0,0.0,48.01268633,38.00503,78624,0.0,0.0,0.0,49,UTAH
2276,492276,1.0,1.0,1.0,1858.0,140.0,733.0,985.0,1858.0,140.0,0.0,209.0,524.0,144.0,46.0,250.0,545.0,0.0,0.0,0.0,0.0,78624,0.0,0.0,0.0,49,UTAH
2277,492277,223.0,741.2197402,3.32385533722,0.0,0.0,0.0,0.0,25.00705322,0.0,0.0,0.0,0.0,0.0,0.0,0.0,0.0,1.003216727,0.0,5.001321493,19.002515,78624,0.0,0.0,0.0,49,UTAH
2278,492278,1099.0,3624.088858,3.29762407461,294.0,14.0,81.0,199.0,514.04561231,14.0,0.0,61.0,20.0,23.0,24.0,54.0,98.0,0.0,0.0,125.0330373,95.01257501,78624,1000.0,0.0,0.0,49,UTAH
2279,492279,225.0,694.8388119,3.08817249733,751.0,25.0,429.0,297.0,770.002515,25.0,0.0,291.0,138.0,36.0,31.0,0.0,230.0,0.0,0.0,0.0,19.002515,60270,0.0,0.0,0.0,49,UTAH
2280,492280,276.0,762.2224247,2.76167545181,370.0,73.0,56.0,241.0,394.00317684,34.0,39.0,48.0,8.0,37.0,170.0,3.0,31.0,0.0,0.0,0.0,24.00317684,60270,0.0,0.0,0.0,49,UTAH
2281,492281,5.0,7.00089483,1.400178966,4412.0,142.0,2293.0,1977.0,4412.0,142.0,0.0,2091.0,202.0,499.0,560.0,183.0,735.0,0.0,0.0,0.0,0.0,78624,0.0,36.0,254.0,49,UTAH
2282,492282,624.0,1634.708943,2.61972587019,1.0,0.0,0.0,1.0,195.047102127,0.0,0.0,0.0,0.0,0.0,0.0,0.0,1.0,1.003216727,0.0,139.0367375,54.0071479,46071,0.0,0.0,0.0,49,UTAH
2283,492283,86.0,266.9091154,3.10359436512,0.0,0.0,0.0,0.0,116.047449742,0.0,0.0,0.0,0.0,0.0,0.0,0.0,0.0,6.019300362,0.0,103.0272228,7.00092658,78624,0.0,0.0,0.0,49,UTAH
2284,492284,15.0,42.00536898,2.800357932,134.0,2.0,32.0,100.0,183.015771126,1.0,1.0,13.0,19.0,6.0,15.0,61.0,18.0,1.003216727,0.0,47.01242203,1.000132369,46071,0.0,0.0,0.0,49,UTAH
2285,492285,328.0,1154.272535,3.51912358232,49.0,1.0,12.0,36.0,77.00370632,1.0,0.0,0.0,12.0,2.0,30.0,0.0,4.0,0.0,0.0,0.0,28.00370632,60104,515.0,0.0,0.0,49,UTAH
2286,492286,296.0,975.749717,3.29645174662,403.0,157.0,1.0,245.0,517.02669985,43.0,114.0,0.0,1.0,2.0,10.0,72.0,161.0,0.0,0.0,88.02325827,26.00344158,57819,0.0,0.0,0.0,49,UTAH
2287,492287,353.0,1092.139594,3.09387986969,1692.0,114.0,490.0,1088.0,1723.00423536,112.0,2.0,4.0,486.0,486.0,50.0,139.0,413.0,0.0,0.0,1.000264299,30.00397106,42479,0.0,0.0,0.0,49,UTAH
2288,492288,553.0,1947.998987,3.52260214647,131.0,1.0,8.0,122.0,179.00635369,0.0,1.0,0.0,8.0,0.0,72.0,18.0,32.0,0.0,0.0,0.0,48.00635369,63155,633.0,0.0,0.0,49,UTAH
2289,492289,461.0,1480.689257,3.211907282,669.0,260.0,210.0,199.0,715.006880531,109.0,151.0,210.0,0.0,11.0,8.0,20.0,160.0,0.0,0.0,6.001585791,40.00529474,66509,0.0,0.0,0.0,49,UTAH
2290,492290,992.0,2928.374934,2.95199086089,1702.0,568.0,32.0,1102.0,1789.01164799,442.0,126.0,10.0,22.0,162.0,167.0,149.0,624.0,0.0,0.0,1.000264299,86.01138369,48574,0.0,0.0,0.0,49,UTAH
2291,492291,693.0,2292.793057,3.30850368975,3381.0,176.0,241.0,2964.0,3576.04362241,129.0,47.0,109.0,132.0,168.0,426.0,1288.0,1082.0,0.0,0.0,135.0356803,60.00794211,51220,0.0,0.0,0.0,49,UTAH
2292,492292,771.0,2426.685171,3.14745158366,671.0,388.0,21.0,262.0,747.011247377,289.0,99.0,12.0,9.0,12.0,67.0,38.0,145.0,0.0,0.0,9.002378687,67.00886869,50605,0.0,0.0,0.0,49,UTAH
2293,492293,630.0,1923.495855,3.05316802381,225.0,20.0,16.0,189.0,279.0071479,19.0,1.0,3.0,13.0,20.0,86.0,39.0,44.0,0.0,0.0,0.0,54.0071479,38052,0.0,874.0,0.0,49,UTAH
2294,492294,516.0,1450.336488,2.81072962791,956.0,443.0,14.0,499.0,1017.00847027,376.0,67.0,0.0,14.0,47.0,5.0,136.0,311.0,0.0,0.0,3.000792896,58.00767737,42104,0.0,0.0,0.0,49,UTAH
2295,492295,877.0,2812.609498,3.2070803854,653.0,52.0,222.0,379.0,788.02565362,51.0,1.0,26.0,196.0,5.0,40.0,178.0,156.0,0.0,0.0,59.01559361,76.01006001,45844,0.0,12.0,49.0,49,UTAH
2296,492296,421.0,1219.905924,2.89763877435,1464.0,11.0,15.0,1438.0,1500.00476527,10.0,1.0,1.0,14.0,90.0,359.0,931.0,58.0,0.0,0.0,0.0,36.00476527,45065,889.0,0.0,0.0,49,UTAH
2297,492297,789.0,1997.00525,2.5310586185,2710.0,634.0,66.0,2010.0,2779.00926536,308.0,326.0,3.0,63.0,486.0,113.0,165.0,1246.0,0.0,0.0,1.000264299,68.00900106,39785,0.0,0.0,0.0,49,UTAH
2298,492298,327.0,1096.245089,3.35243146483,896.0,226.0,78.0,592.0,925.00383869,144.0,82.0,2.0,76.0,35.0,28.0,249.0,280.0,0.0,0.0,0.0,29.00383869,75328,0.0,4.0,7.0,49,UTAH
2299,492299,636.0,2199.156089,3.45779259277,73.0,1.0,4.0,68.0,128.00728027,0.0,1.0,4.0,0.0,26.0,40.0,0.0,2.0,0.0,0.0,0.0,55.00728027,77060,682.0,0.0,0.0,49,UTAH
2300,492300,733.0,2655.964476,3.62341674761,0.0,0.0,0.0,0.0,69.009925011,0.0,0.0,0.0,0.0,0.0,0.0,0.0,0.0,0.0,0.0,6.001585791,63.00833922,91766,0.0,0.0,0.0,49,UTAH
2301,492301,187.0,608.2027384,3.25242106096,12.0,0.0,0.0,12.0,88.01797581,0.0,0.0,0.0,0.0,0.0,8.0,0.0,4.0,0.0,0.0,60.01585791,16.0021179,102176,0.0,0.0,0.0,49,UTAH
2302,492302,475.0,1504.317277,3.16698374105,415.0,145.0,19.0,251.0,456.00542711,88.0,57.0,19.0,0.0,23.0,56.0,50.0,122.0,0.0,0.0,0.0,41.00542711,63275,468.0,0.0,0.0,49,UTAH
2303,492303,304.0,989.7515066,3.25576153487,217.0,5.0,22.0,190.0,243.00344158,5.0,0.0,22.0,0.0,19.0,166.0,0.0,5.0,0.0,0.0,0.0,26.00344158,76649,0.0,0.0,1432.0,49,UTAH
2304,492304,110.0,364.921643,3.31746948182,3536.0,136.0,15.0,3385.0,3546.00132369,127.0,9.0,0.0,15.0,1944.0,73.0,71.0,1297.0,0.0,0.0,0.0,10.00132369,76649,0.0,0.0,0.0,49,UTAH
2305,492305,761.0,2169.402286,2.85072573719,848.0,283.0,20.0,545.0,1001.03173029,234.0,49.0,11.0,9.0,9.0,92.0,31.0,413.0,0.0,0.0,87.02299397,66.00873632,19293,0.0,0.0,0.0,49,UTAH
2306,492306,642.0,1954.12477,3.04380805296,17.0,4.0,0.0,13.0,91.01230194,4.0,0.0,0.0,0.0,0.0,1.0,0.0,12.0,0.0,0.0,19.00502167,55.00728027,45087,0.0,0.0,0.0,49,UTAH
2307,492307,367.0,1289.039761,3.51236992098,234.0,1.0,3.0,230.0,270.005292984,1.0,0.0,0.0,3.0,77.0,132.0,0.0,21.0,0.0,0.0,4.001057194,32.00423579,68766,696.0,1228.0,0.0,49,UTAH
2308,492308,632.0,2184.279187,3.45613795411,556.0,69.0,10.0,477.0,614.008073166,46.0,23.0,0.0,10.0,88.0,60.0,216.0,113.0,0.0,0.0,3.000792896,55.00728027,81308,650.0,0.0,0.0,49,UTAH
2309,492309,579.0,1570.824292,2.71299532297,325.0,152.0,9.0,164.0,397.01230106,131.0,21.0,0.0,9.0,6.0,4.0,3.0,151.0,0.0,0.0,21.00555027,51.00675079,29976,0.0,0.0,0.0,49,UTAH
2310,492310,902.0,2662.090259,2.95131957761,415.0,2.0,0.0,413.0,513.01561071,1.0,1.0,0.0,0.0,7.0,70.0,118.0,218.0,0.0,0.0,20.00528597,78.01032474,34523,447.0,0.0,0.0,49,UTAH
2311,492311,515.0,1595.328909,3.09772603689,583.0,1.0,14.0,568.0,627.00582421,0.0,1.0,1.0,13.0,96.0,74.0,55.0,343.0,0.0,0.0,0.0,44.00582421,66590,0.0,0.0,0.0,49,UTAH
2312,492312,435.0,1455.311013,3.34554255862,482.0,241.0,1.0,240.0,520.00503,239.0,2.0,1.0,0.0,41.0,28.0,13.0,158.0,0.0,0.0,0.0,38.00503,69628,0.0,0.0,0.0,49,UTAH
2313,492313,78.0,276.5353458,3.54532494615,384.0,2.0,6.0,376.0,391.00092658,1.0,1.0,1.0,5.0,1.0,34.0,274.0,67.0,0.0,0.0,0.0,7.00092658,71953,0.0,0.0,0.0,49,UTAH
2314,492314,296.0,809.4784648,2.73472454324,926.0,139.0,12.0,775.0,991.01374922,89.0,50.0,10.0,2.0,22.0,217.0,210.0,326.0,0.0,0.0,39.01030764,26.00344158,39412,0.0,0.0,0.0,49,UTAH
2315,492315,433.0,1205.029023,2.78297695843,112.0,8.0,4.0,100.0,152.005690536,8.0,0.0,2.0,2.0,30.0,19.0,26.0,25.0,0.0,0.0,3.000792896,37.00489764,39412,0.0,0.0,0.0,49,UTAH
2316,492316,535.0,1607.580475,3.00482331776,0.0,0.0,0.0,0.0,46.00608895,0.0,0.0,0.0,0.0,0.0,0.0,0.0,0.0,0.0,0.0,0.0,46.00608895,58637,0.0,0.0,0.0,49,UTAH
2317,492317,436.0,1361.674045,3.1231056078,86.0,1.0,6.0,79.0,124.00503,1.0,0.0,6.0,0.0,28.0,43.0,4.0,4.0,0.0,0.0,0.0,38.00503,73017,710.0,0.0,0.0,49,UTAH
2318,492318,700.0,1965.501224,2.80785889143,755.0,10.0,15.0,730.0,827.01111369,3.0,7.0,5.0,10.0,459.0,26.0,27.0,218.0,0.0,0.0,12.00317158,60.00794211,52476,0.0,0.0,0.0,49,UTAH
2319,492319,253.0,838.3571559,3.31366464783,844.0,5.0,6.0,833.0,866.00291211,2.0,3.0,6.0,0.0,58.0,371.0,129.0,275.0,0.0,0.0,0.0,22.00291211,46387,603.0,0.0,1293.0,49,UTAH
2320,492320,540.0,1474.563474,2.7306731,824.0,337.0,5.0,482.0,871.00622132,289.0,48.0,1.0,4.0,84.0,17.0,126.0,255.0,0.0,0.0,0.0,47.00622132,39289,0.0,0.0,0.0,49,UTAH
2321,492321,504.0,1549.703914,3.07480935317,1087.0,223.0,3.0,861.0,1530.11127931,184.0,39.0,3.0,0.0,107.0,19.0,110.0,625.0,0.0,0.0,399.1054551,44.00582421,39289,0.0,0.0,0.0,49,UTAH
2322,492322,621.0,2018.883047,3.25101939936,205.0,15.0,0.0,190.0,259.0071479,0.0,15.0,0.0,0.0,0.0,38.0,0.0,152.0,0.0,0.0,0.0,54.0071479,45663,0.0,0.0,391.0,49,UTAH
2323,492323,478.0,1507.817724,3.15443038494,0.0,0.0,0.0,0.0,41.00542711,0.0,0.0,0.0,0.0,0.0,0.0,0.0,0.0,0.0,0.0,0.0,41.00542711,79366,0.0,0.0,0.0,49,UTAH
2324,492324,501.0,1741.472589,3.47599319162,57.0,7.0,1.0,49.0,102.006220447,7.0,0.0,0.0,1.0,8.0,0.0,1.0,40.0,0.0,0.0,2.000528597,43.00569185,77147,0.0,0.0,0.0,49,UTAH
2325,492325,442.0,1276.788195,2.88866107466,849.0,173.0,9.0,667.0,904.00952308,134.0,39.0,3.0,6.0,47.0,42.0,197.0,381.0,0.0,0.0,17.00449308,38.00503,27592,0.0,0.0,0.0,49,UTAH
2326,492326,428.0,1221.656148,2.85433679439,6094.0,24.0,56.0,6014.0,6284.04533534,0.0,24.0,28.0,28.0,5.0,5455.0,1.0,553.0,0.0,0.0,153.0404377,37.00489764,36564,0.0,0.0,0.0,49,UTAH
2327,492327,451.0,1484.189704,3.29088626164,202.0,57.0,12.0,133.0,241.00516237,57.0,0.0,0.0,12.0,0.0,103.0,0.0,30.0,0.0,0.0,0.0,39.00516237,51462,396.0,1199.0,0.0,49,UTAH
2328,492328,649.0,1625.957824,2.50532792604,139.0,6.0,0.0,133.0,204.009791327,6.0,0.0,0.0,0.0,21.0,1.0,12.0,99.0,0.0,0.0,9.002378687,56.00741264,35025,0.0,0.0,0.0,49,UTAH
2329,492329,27.0,73.50939572,2.72257021185,1620.0,231.0,106.0,1283.0,1622.00026474,163.0,68.0,102.0,4.0,286.0,213.0,141.0,643.0,0.0,0.0,0.0,2.000264737,35025,0.0,0.0,0.0,49,UTAH
2330,492330,0.0,0.0,0.0,910.0,796.0,1.0,113.0,910.0,725.0,71.0,1.0,0.0,11.0,17.0,0.0,85.0,0.0,0.0,0.0,0.0,51462,0.0,0.0,0.0,49,UTAH
2331,492331,25.0,56.8822705,2.27529082,983.0,642.0,0.0,341.0,1154.04493124,543.0,99.0,0.0,0.0,4.0,0.0,21.0,316.0,0.0,0.0,169.0446665,2.000264737,35025,0.0,0.0,0.0,49,UTAH
2332,492332,306.0,893.4892027,2.91989935523,1306.0,589.0,11.0,706.0,1355.00952045,413.0,176.0,1.0,10.0,11.0,67.0,46.0,582.0,0.0,0.0,23.00607887,26.00344158,43774,634.0,31.0,0.0,49,UTAH
2333,492333,459.0,1356.423373,2.95517074728,231.0,0.0,1.0,230.0,275.006351934,0.0,0.0,0.0,1.0,0.0,109.0,37.0,84.0,0.0,0.0,4.001057194,40.00529474,56490,0.0,0.0,1174.0,49,UTAH
2334,492334,371.0,1232.15749,3.32117921833,20.0,0.0,8.0,12.0,52.00423579,0.0,0.0,8.0,0.0,0.0,0.0,0.0,12.0,0.0,0.0,0.0,32.00423579,68073,0.0,0.0,0.0,49,UTAH
2335,492335,109.0,325.9634261,2.99049014771,863.0,54.0,31.0,778.0,875.00158842,54.0,0.0,30.0,1.0,246.0,46.0,30.0,456.0,0.0,0.0,0.0,12.00158842,53817,442.7692308,4.615384615,4.615384615,49,UTAH
2336,492336,457.0,1320.808624,2.89017204376,170.0,14.0,3.0,153.0,210.005426669,13.0,1.0,3.0,0.0,24.0,8.0,29.0,92.0,0.0,0.0,1.000264299,39.00516237,53817,0.0,0.0,0.0,49,UTAH
2337,492337,268.0,797.2268988,2.97472723433,0.0,0.0,0.0,0.0,23.00304448,0.0,0.0,0.0,0.0,0.0,0.0,0.0,0.0,0.0,0.0,0.0,23.00304448,48109,0.0,0.0,0.0,49,UTAH
2338,492338,1224.0,3659.093332,2.9894553366,1189.0,634.0,6.0,549.0,1440.0523544,565.0,69.0,6.0,0.0,142.0,26.0,29.0,352.0,0.0,0.0,145.0383233,106.0140311,55919,0.0,0.0,0.0,49,UTAH
2339,492339,61.0,165.3961404,2.7114121377,2870.0,1544.0,50.0,1276.0,3483.16135534,884.0,660.0,14.0,36.0,32.0,46.0,53.0,1145.0,0.0,0.0,608.1606935,5.000661843,55919,10.0,0.0,0.0,49,UTAH
2340,492340,360.0,1090.38937,3.02885936111,1301.0,141.0,97.0,1063.0,1335.00489632,82.0,59.0,0.0,97.0,245.0,72.0,9.0,737.0,0.0,0.0,3.000792896,31.00410342,97679,0.0,0.0,0.0,49,UTAH
2341,492341,476.0,1261.036181,2.64923567437,1328.0,749.0,65.0,514.0,1369.00542711,580.0,169.0,17.0,48.0,2.0,66.0,1.0,445.0,0.0,0.0,0.0,41.00542711,49084,0.0,0.0,0.0,49,UTAH
2342,492342,203.0,525.0671123,2.58653749901,473.0,152.0,51.0,270.0,491.00238263,86.0,66.0,51.0,0.0,12.0,108.0,18.0,132.0,0.0,0.0,0.0,18.00238263,61441,0.0,0.0,0.0,49,UTAH
2343,492343,12.0,28.00357932,2.33363161,579.0,203.0,1.0,375.0,580.000132369,69.0,134.0,1.0,0.0,61.0,120.0,2.0,192.0,0.0,0.0,0.0,1.000132369,61441,0.0,0.0,0.0,49,UTAH
2344,492344,5.0,15.75201337,3.150402674,1789.0,1138.0,5.0,646.0,1789.0,809.0,329.0,1.0,4.0,6.0,22.0,0.0,618.0,0.0,0.0,0.0,0.0,34900,0.0,0.0,0.0,49,UTAH
2345,492345,507.0,1547.197758,3.05167210651,201.0,16.0,48.0,137.0,274.01348887,2.0,14.0,0.0,48.0,14.0,20.0,68.0,35.0,0.0,0.0,29.00766466,44.00582421,49084,0.0,0.0,0.0,49,UTAH
2346,492346,446.0,1481.564368,3.32189320179,0.0,0.0,0.0,0.0,39.00516237,0.0,0.0,0.0,0.0,0.0,0.0,0.0,0.0,0.0,0.0,0.0,39.00516237,61441,0.0,0.0,0.0,49,UTAH
2347,492347,914.0,2442.437184,2.67225074836,273.0,127.0,5.0,141.0,381.01812177,69.0,58.0,0.0,5.0,25.0,3.0,19.0,94.0,0.0,0.0,29.00766466,79.01045711,34900,0.0,0.0,0.0,49,UTAH
2348,492348,370.0,1148.146752,3.10309932973,60.0,0.0,4.0,56.0,92.00423579,0.0,0.0,0.0,4.0,1.0,46.0,0.0,9.0,0.0,0.0,0.0,32.00423579,59020,767.0,0.0,0.0,49,UTAH
2349,492349,677.0,2003.131033,2.958834613,665.0,68.0,3.0,594.0,723.00767737,47.0,21.0,3.0,0.0,185.0,26.0,104.0,279.0,0.0,0.0,0.0,58.00767737,34092,0.0,0.0,0.0,49,UTAH
2350,492350,321.0,861.985176,2.68531207477,1099.0,275.0,4.0,820.0,1127.00370632,219.0,56.0,4.0,0.0,162.0,1.0,189.0,468.0,0.0,0.0,0.0,28.00370632,43488,357.0,0.0,0.0,49,UTAH
2351,492351,545.0,1423.806986,2.61248988257,532.0,77.0,13.0,442.0,587.008335708,55.0,22.0,13.0,0.0,116.0,11.0,12.0,303.0,0.0,0.0,8.002114388,47.00622132,43488,0.0,0.0,0.0,49,UTAH
2352,492352,1.0,2.625335561,2.625335561,2783.0,24.0,66.0,2693.0,2816.00872185,24.0,0.0,63.0,3.0,637.0,365.0,953.0,738.0,0.0,0.0,33.00872185,0.0,73573,0.0,0.0,0.0,49,UTAH
2353,492353,32.0,83.13562611,2.59798831594,465.0,10.0,99.0,356.0,595.033963006,10.0,0.0,50.0,49.0,109.0,9.0,27.0,211.0,0.0,0.0,127.0335659,3.000397106,73573,0.0,0.0,0.0,49,UTAH
2354,492354,2.0,9.626230392,4.813115196,2800.0,18.0,357.0,2425.0,2800.0,11.0,7.0,215.0,142.0,1672.0,15.0,2.0,736.0,0.0,0.0,0.0,0.0,73573,0.0,0.0,0.0,49,UTAH
2355,492355,125.0,343.9189585,2.751351668,1258.0,419.0,0.0,839.0,1269.00145605,100.0,319.0,0.0,0.0,237.0,39.0,3.0,560.0,0.0,0.0,0.0,11.00145605,73573,0.0,0.0,0.0,49,UTAH
2356,492356,548.0,1712.507467,3.12501362591,89.0,2.0,0.0,87.0,242.0330496,2.0,0.0,0.0,0.0,17.0,43.0,0.0,27.0,0.0,0.0,97.02563696,56.00741264,76240,537.0,0.0,0.0,49,UTAH
2357,492357,340.0,1001.127961,2.94449400294,132.0,67.0,0.0,65.0,174.00727457,0.0,67.0,0.0,0.0,11.0,44.0,3.0,7.0,0.0,0.0,13.00343588,29.00383869,76240,0.0,0.0,0.0,49,UTAH
2358,492358,112.0,420.9288017,3.75829287232,361.0,8.0,0.0,353.0,371.00132369,8.0,0.0,0.0,0.0,170.0,93.0,0.0,90.0,0.0,0.0,0.0,10.00132369,93966,0.0,0.0,0.0,49,UTAH
2359,492359,415.0,1366.924716,3.29379449639,819.0,18.0,46.0,755.0,860.006086763,11.0,7.0,0.0,46.0,12.0,572.0,12.0,159.0,0.0,0.0,5.001321493,36.00476527,93966,0.0,38.0,59.0,49,UTAH
2360,492360,210.0,602.0769554,2.86703312095,84.0,60.0,2.0,22.0,179.02273362,60.0,0.0,1.0,1.0,10.0,5.0,1.0,6.0,0.0,0.0,77.02035099,18.00238263,84771,229.0,98.0,98.0,49,UTAH
2361,492361,435.0,1319.668676,3.03372109425,262.0,15.0,3.0,244.0,300.00503,15.0,0.0,3.0,0.0,45.0,57.0,49.0,93.0,0.0,0.0,0.0,38.00503,84771,0.0,0.0,0.0,49,UTAH
2362,492362,385.0,1244.409056,3.23223131429,0.0,0.0,0.0,0.0,272.06753556,0.0,0.0,0.0,0.0,0.0,0.0,0.0,0.0,0.0,0.0,239.0631674,33.00436816,87378,0.0,0.0,0.0,49,UTAH
2363,492363,427.0,1268.037076,2.96964186417,898.0,3.0,28.0,867.0,942.00674773,2.0,1.0,13.0,15.0,243.0,18.0,117.0,489.0,0.0,0.0,7.00185009,37.00489764,60159,0.0,0.0,0.0,49,UTAH
2364,492364,116.0,321.1660503,2.76867284741,1259.0,39.0,7.0,1213.0,1269.00132369,32.0,7.0,0.0,7.0,359.0,34.0,240.0,580.0,0.0,0.0,0.0,10.00132369,48562,0.0,0.0,0.0,49,UTAH
2365,492365,645.0,1783.477958,2.76508210543,653.0,178.0,5.0,470.0,711.007941237,170.0,8.0,0.0,5.0,157.0,34.0,85.0,194.0,0.0,0.0,2.000528597,56.00741264,48562,624.0,0.0,0.0,49,UTAH
2366,492366,659.0,2047.761738,3.10737744765,279.0,16.0,0.0,263.0,340.008602204,0.0,16.0,0.0,0.0,22.0,121.0,17.0,103.0,0.0,0.0,4.001057194,57.00754501,80574,0.0,0.0,2057.0,49,UTAH
2367,492367,381.0,1091.264482,2.86421123885,1277.0,331.0,3.0,943.0,1310.00436816,237.0,94.0,2.0,1.0,472.0,271.0,8.0,192.0,0.0,0.0,0.0,33.00436816,54200,611.0,1055.0,0.0,49,UTAH
2368,492368,577.0,1759.849938,3.04999989255,147.0,18.0,3.0,126.0,209.00979001,2.0,16.0,3.0,0.0,0.0,64.0,0.0,62.0,0.0,0.0,12.00317158,50.00661843,85890,0.0,0.0,0.0,49,UTAH
2369,492369,366.0,1030.006652,2.81422582514,1138.0,322.0,7.0,809.0,1170.00423579,117.0,205.0,7.0,0.0,120.0,49.0,111.0,529.0,0.0,0.0,0.0,32.00423579,98442,0.0,0.0,0.0,49,UTAH
2370,492370,679.0,1751.973931,2.5802267025,746.0,95.0,267.0,384.0,805.00780974,29.0,66.0,264.0,3.0,49.0,6.0,15.0,314.0,0.0,0.0,0.0,59.00780974,21429,0.0,0.0,0.0,49,UTAH
2371,492371,367.0,1107.891607,3.01877822071,129.0,9.0,0.0,120.0,161.00423579,2.0,7.0,0.0,0.0,21.0,4.0,46.0,49.0,0.0,0.0,0.0,32.00423579,48664,0.0,0.0,0.0,49,UTAH
2372,492372,518.0,1375.675834,2.65574485328,732.0,198.0,0.0,534.0,778.006220879,164.0,34.0,0.0,0.0,12.0,14.0,107.0,401.0,0.0,0.0,1.000264299,45.00595658,37964,0.0,0.0,0.0,49,UTAH
2373,492373,357.0,880.3625249,2.46600147031,331.0,213.0,0.0,118.0,362.00410342,213.0,0.0,0.0,0.0,1.0,1.0,21.0,95.0,0.0,0.0,0.0,31.00410342,39485,0.0,0.0,0.0,49,UTAH
2374,492374,503.0,1392.302959,2.76799793042,640.0,83.0,0.0,557.0,701.01044922,8.0,75.0,0.0,0.0,28.0,7.0,438.0,84.0,0.0,0.0,18.00475737,43.00569185,39776,0.0,0.0,0.0,49,UTAH
2375,492375,102.0,267.7842273,2.62533556176,1474.0,154.0,0.0,1320.0,1484.00145562,86.0,68.0,0.0,0.0,12.0,23.0,4.0,1281.0,0.0,0.0,1.000264299,9.001191317,37413,0.0,0.0,0.0,49,UTAH
2376,492376,196.0,510.1902108,2.60301127959,1361.0,622.0,15.0,724.0,1378.00225026,312.0,310.0,15.0,0.0,152.0,8.0,105.0,459.0,0.0,0.0,0.0,17.00225026,39485,0.0,0.0,0.0,49,UTAH
2377,492377,619.0,1438.683888,2.3242066042,1074.0,406.0,2.0,666.0,1129.00754413,38.0,368.0,0.0,2.0,42.0,67.0,224.0,333.0,0.0,0.0,2.000528597,53.00701553,19457,0.0,0.0,0.0,49,UTAH
2378,492378,224.0,630.0805347,2.81285952991,128.0,30.0,0.0,98.0,147.002515,26.0,4.0,0.0,0.0,4.0,6.0,0.0,88.0,0.0,0.0,0.0,19.002515,42815,0.0,0.0,0.0,49,UTAH
2379,492379,420.0,1261.036181,3.00246709762,263.0,27.0,0.0,236.0,302.005558166,27.0,0.0,0.0,0.0,1.0,23.0,1.0,211.0,0.0,0.0,3.000792896,36.00476527,42815,0.0,0.0,0.0,49,UTAH
2380,492380,826.0,2926.62471,3.54312918886,0.0,0.0,0.0,0.0,71.00939816,0.0,0.0,0.0,0.0,0.0,0.0,0.0,0.0,0.0,0.0,0.0,71.00939816,18500,0.0,0.0,0.0,49,UTAH
2381,492381,478.0,1345.922031,2.81573646653,0.0,0.0,0.0,0.0,41.00542711,0.0,0.0,0.0,0.0,0.0,0.0,0.0,0.0,0.0,0.0,0.0,41.00542711,63315,0.0,0.0,0.0,49,UTAH
2382,492382,172.0,514.56577,2.99166145349,640.0,98.0,0.0,542.0,655.00198553,10.0,88.0,0.0,0.0,9.0,16.0,0.0,517.0,0.0,0.0,0.0,15.00198553,19457,0.0,0.0,0.0,49,UTAH
2383,492383,193.0,511.9404345,2.6525411114,503.0,355.0,0.0,148.0,520.00225026,5.0,350.0,0.0,0.0,0.0,6.0,7.0,135.0,0.0,0.0,0.0,17.00225026,14587,0.0,0.0,0.0,49,UTAH
2384,492384,24.0,103.2631987,4.30263327917,15940.0,9.0,0.0,15931.0,15942.0002647,0.0,9.0,0.0,0.0,0.0,15927.0,0.0,4.0,0.0,0.0,0.0,2.000264737,19660,0.0,0.0,0.0,49,UTAH
2385,492385,651.0,2044.26129,3.14018631336,36.0,10.0,0.0,26.0,95.008205536,0.0,10.0,0.0,0.0,1.0,1.0,16.0,8.0,0.0,0.0,3.000792896,56.00741264,54053,943.0,0.0,0.0,49,UTAH
2386,492386,339.0,1135.020074,3.34814181121,0.0,0.0,0.0,0.0,96.02154669,0.0,0.0,0.0,0.0,0.0,0.0,0.0,0.0,0.0,0.0,67.017708,29.00383869,64418,0.0,0.0,0.0,49,UTAH
2387,492387,922.0,2480.066994,2.68987743384,161.0,2.0,0.0,159.0,241.01058948,1.0,1.0,0.0,0.0,6.0,88.0,1.0,64.0,0.0,0.0,0.0,80.01058948,19632,0.0,0.0,0.0,49,UTAH
2388,492388,1061.0,3457.817605,3.25901753534,148.0,28.0,1.0,119.0,251.01508518,0.0,28.0,1.0,0.0,1.0,3.0,15.0,100.0,0.0,0.0,11.00290728,92.0121779,22204,0.0,0.0,0.0,49,UTAH
2389,492389,668.0,1922.620743,2.87817476497,175.0,94.0,0.0,81.0,233.00767737,22.0,72.0,0.0,0.0,13.0,8.0,0.0,60.0,0.0,0.0,0.0,58.00767737,21453,0.0,0.0,0.0,49,UTAH
2390,492390,482.0,1556.823988,3.22992528631,130.0,24.0,0.0,106.0,172.00555948,0.0,24.0,0.0,0.0,0.0,23.0,0.0,83.0,0.0,0.0,0.0,42.00555948,50229,0.0,0.0,0.0,49,UTAH
2391,492391,540.0,1862.238025,3.44858893519,0.0,0.0,0.0,0.0,69.01203589,0.0,0.0,0.0,0.0,0.0,0.0,0.0,0.0,0.0,0.0,22.00581457,47.00622132,39384,0.0,0.0,0.0,49,UTAH
2392,492392,887.0,2361.926893,2.66282626043,315.0,55.0,11.0,249.0,392.01019238,39.0,16.0,4.0,7.0,67.0,14.0,3.0,165.0,0.0,0.0,0.0,77.01019238,20886,0.0,0.0,0.0,49,UTAH
2393,492393,520.0,1598.829357,3.07467184038,0.0,0.0,0.0,0.0,45.00595658,0.0,0.0,0.0,0.0,0.0,0.0,0.0,0.0,0.0,0.0,0.0,45.00595658,25095,0.0,0.0,0.0,49,UTAH
2394,492394,341.0,993.2519541,2.91276232874,79.0,14.0,0.0,65.0,108.00383869,9.0,5.0,0.0,0.0,0.0,8.0,1.0,56.0,0.0,0.0,0.0,29.00383869,30007,0.0,0.0,0.0,49,UTAH
2395,492395,438.0,1382.676729,3.15679618493,322.0,0.0,1.0,321.0,360.00503,0.0,0.0,1.0,0.0,0.0,33.0,214.0,74.0,0.0,0.0,0.0,38.00503,32793,0.0,0.0,0.0,49,UTAH
2396,492396,203.0,581.9493828,2.86674572808,1223.0,232.0,42.0,949.0,1241.00238263,16.0,216.0,23.0,19.0,317.0,37.0,14.0,581.0,0.0,0.0,0.0,18.00238263,25052,0.0,0.0,0.0,49,UTAH
2397,492397,214.0,567.0724813,2.64987140794,44.0,1.0,0.0,43.0,62.00238263,1.0,0.0,0.0,0.0,2.0,2.0,0.0,39.0,0.0,0.0,0.0,18.00238263,22423,0.0,0.0,0.0,49,UTAH
2398,492398,120.0,292.2873592,2.43572799333,143.0,5.0,0.0,138.0,153.00132369,5.0,0.0,0.0,0.0,1.0,96.0,2.0,39.0,0.0,0.0,0.0,10.00132369,20743,593.0,0.0,0.0,49,UTAH
2399,492399,147.0,358.7958601,2.44078816395,0.0,0.0,0.0,0.0,13.00172079,0.0,0.0,0.0,0.0,0.0,0.0,0.0,0.0,0.0,0.0,0.0,13.00172079,20743,0.0,0.0,0.0,49,UTAH
2400,492400,0.0,0.0,0.0,2048.0,0.0,0.0,2048.0,2048.0,0.0,0.0,0.0,0.0,0.0,1096.0,0.0,952.0,0.0,0.0,0.0,0.0,34355,21.53846154,9.230769231,9.230769231,49,UTAH
2401,492401,369.0,1243.533944,3.37001068835,154.0,1.0,0.0,153.0,189.005028686,1.0,0.0,0.0,0.0,70.0,75.0,6.0,2.0,0.0,0.0,3.000792896,32.00423579,85254,785.0,0.0,0.0,49,UTAH
2402,492402,389.0,1163.023654,2.98977803085,267.0,55.0,8.0,204.0,301.00450053,55.0,0.0,8.0,0.0,1.0,75.0,47.0,81.0,0.0,0.0,0.0,34.00450053,55447,0.0,0.0,0.0,49,UTAH
2403,492403,729.0,2046.886626,2.80780058436,217.0,29.0,18.0,170.0,291.0112465,11.0,18.0,18.0,0.0,63.0,85.0,12.0,10.0,0.0,0.0,11.00290728,63.00833922,65015,0.0,0.0,0.0,49,UTAH
2404,492404,349.0,1055.384896,3.02402548997,11.0,0.0,0.0,11.0,41.00397106,0.0,0.0,0.0,0.0,5.0,2.0,0.0,4.0,0.0,0.0,0.0,30.00397106,71672,0.0,0.0,0.0,49,UTAH
2405,492405,529.0,1552.448429,2.93468512098,420.0,15.0,0.0,405.0,479.00952483,1.0,14.0,0.0,0.0,7.0,164.0,101.0,133.0,0.0,0.0,13.00343588,46.00608895,39482,622.0,267.0,267.0,49,UTAH
2406,492406,278.0,755.2215298,2.71662420791,2694.0,37.0,38.0,2619.0,2718.00317684,12.0,25.0,0.0,38.0,39.0,200.0,1754.0,626.0,0.0,0.0,0.0,24.00317684,42491,0.0,0.0,0.0,49,UTAH
2407,492407,80.0,195.1499434,2.4393742925,5206.0,200.0,2.0,5004.0,5218.00224807,68.0,132.0,0.0,2.0,59.0,231.0,4319.0,395.0,0.0,0.0,5.001321493,7.00092658,30959,0.0,0.0,0.0,49,UTAH
2408,492408,421.0,1233.907714,2.9308971829,330.0,7.0,1.0,322.0,366.00476527,4.0,3.0,0.0,1.0,14.0,141.0,34.0,133.0,0.0,0.0,0.0,36.00476527,30959,0.0,960.5,960.5,49,UTAH
2409,492409,128.0,385.0492157,3.00819699766,1956.0,63.0,87.0,1806.0,1979.00462763,59.0,4.0,78.0,9.0,946.0,201.0,113.0,546.0,0.0,0.0,12.00317158,11.00145605,39482,62.75,94.125,94.125,49,UTAH
2410,492410,402.0,1285.539313,3.19785898756,0.0,0.0,0.0,0.0,51.00886168,0.0,0.0,0.0,0.0,0.0,0.0,0.0,0.0,0.0,0.0,16.00422878,35.0046329,28268,0.0,0.0,0.0,49,UTAH
2411,492411,355.0,961.7479273,2.70914909099,471.0,2.0,5.0,464.0,502.00410342,2.0,0.0,5.0,0.0,17.0,16.0,316.0,115.0,0.0,0.0,0.0,31.00410342,42491,0.0,0.0,0.0,49,UTAH
2412,492412,113.0,276.5353458,2.44721544956,871.0,38.0,28.0,805.0,881.00132369,31.0,7.0,0.0,28.0,23.0,544.0,56.0,182.0,0.0,0.0,0.0,10.00132369,18374,0.0,0.0,0.0,49,UTAH
2413,492413,522.0,1382.676729,2.64880599425,419.0,78.0,0.0,341.0,493.01362124,17.0,61.0,0.0,0.0,29.0,13.0,166.0,133.0,0.0,0.0,29.00766466,45.00595658,18374,0.0,0.0,0.0,49,UTAH
2414,492414,1.0,5.250671123,5.250671123,19.0,6.0,2.0,11.0,19.0,6.0,0.0,2.0,0.0,7.0,0.0,0.0,4.0,0.0,0.0,0.0,0.0,42401,0.0,0.0,0.0,49,UTAH
2415,492415,665.0,1931.371861,2.90431858797,211.0,15.0,125.0,71.0,268.00754501,14.0,1.0,125.0,0.0,7.0,4.0,1.0,59.0,0.0,0.0,0.0,57.00754501,42400,0.0,0.0,0.0,49,UTAH
2416,492416,283.0,656.3338903,2.3192010258,289.0,23.0,5.0,261.0,313.00317684,23.0,0.0,5.0,0.0,10.0,161.0,14.0,76.0,0.0,0.0,0.0,24.00317684,43307,759.0,845.0,0.0,49,UTAH
2417,492417,633.0,1514.818619,2.39307838705,155.0,11.0,2.0,142.0,210.00728027,4.0,7.0,0.0,2.0,17.0,25.0,21.0,79.0,0.0,0.0,0.0,55.00728027,23876,0.0,0.0,0.0,49,UTAH
2418,492418,352.0,907.4909924,2.57809941023,1056.0,284.0,11.0,761.0,1149.02062187,231.0,53.0,7.0,4.0,358.0,5.0,66.0,332.0,0.0,0.0,63.01665081,30.00397106,23983,0.0,0.0,0.0,49,UTAH
2419,492419,181.0,411.3025713,2.27238989669,636.0,209.0,1.0,426.0,652.0021179,204.0,5.0,0.0,1.0,58.0,145.0,20.0,203.0,0.0,0.0,0.0,16.0021179,42531,0.0,14.0,53.0,49,UTAH
2420,492420,445.0,1235.657938,2.77675941124,2542.0,205.0,7.0,2330.0,2580.00503,132.0,73.0,1.0,6.0,273.0,43.0,7.0,2007.0,0.0,0.0,0.0,38.00503,29097,0.0,0.0,0.0,49,UTAH
2421,492421,98.0,276.5353458,2.82178924286,1377.0,228.0,1.0,1148.0,1385.00105895,46.0,182.0,1.0,0.0,378.0,191.0,14.0,565.0,0.0,0.0,0.0,8.001058948,29097,0.0,0.0,0.0,49,UTAH
2422,492422,639.0,2021.884953,3.16413920657,3.0,0.0,0.0,3.0,199.055168688,0.0,0.0,0.0,0.0,0.0,1.0,0.0,2.0,4.012866908,0.0,128.0338302,64.00847158,63232,0.0,0.0,0.0,49,UTAH
2423,492423,562.0,1918.245184,3.41324765836,75.0,16.0,52.0,7.0,278.04718806,16.0,0.0,29.0,23.0,1.0,3.0,0.0,3.0,0.0,0.0,154.040702,49.00648606,68132,0.0,0.0,0.0,49,UTAH
2424,492424,57.0,188.2316063,3.30230888246,0.0,0.0,0.0,0.0,12.010841498,0.0,0.0,0.0,0.0,0.0,0.0,0.0,0.0,3.009650181,0.0,0.0,9.001191317,63232,0.0,0.0,0.0,49,UTAH
2425,492425,343.0,1101.050721,3.21006041108,0.0,0.0,0.0,0.0,156.048026908,0.0,0.0,0.0,0.0,0.0,0.0,0.0,0.0,4.012866908,0.0,114.03013,38.00503,63232,0.0,0.0,0.0,49,UTAH
2426,492426,533.0,1910.369177,3.58418232083,69.0,0.0,4.0,65.0,145.01401791,0.0,0.0,0.0,4.0,8.0,56.0,0.0,1.0,0.0,0.0,30.00792896,46.00608895,64807,787.0,0.0,0.0,49,UTAH
2427,492427,212.0,761.3473128,3.59126090943,0.0,0.0,0.0,0.0,18.00238263,0.0,0.0,0.0,0.0,0.0,0.0,0.0,0.0,0.0,0.0,0.0,18.00238263,68132,0.0,0.0,0.0,49,UTAH
2428,492428,597.0,1907.743841,3.19555082245,0.0,0.0,0.0,0.0,53.007147459,0.0,0.0,0.0,0.0,0.0,0.0,0.0,0.0,0.0,0.0,1.000264299,52.00688316,57394,0.0,0.0,0.0,49,UTAH
2429,492429,159.0,483.0617433,3.0381241717,0.0,0.0,0.0,0.0,14.00185316,0.0,0.0,0.0,0.0,0.0,0.0,0.0,0.0,0.0,0.0,0.0,14.00185316,57394,0.0,0.0,0.0,49,UTAH
2430,492430,163.0,554.8209153,3.40380929632,45.0,9.0,1.0,35.0,61.008286614,0.0,9.0,1.0,0.0,0.0,21.0,14.0,0.0,2.006433454,0.0,0.0,14.00185316,40918,0.0,0.0,0.0,49,UTAH
2431,492431,490.0,1566.450218,3.19683717959,18.0,4.0,0.0,14.0,85.015119377,4.0,0.0,0.0,0.0,0.0,7.0,3.0,4.0,1.003216727,0.0,24.00634317,42.00555948,40918,0.0,0.0,0.0,49,UTAH
2432,492432,256.0,784.9753329,3.06630989414,277.0,204.0,2.0,71.0,299.00291211,174.0,30.0,2.0,0.0,2.0,14.0,1.0,54.0,0.0,0.0,0.0,22.00291211,40918,0.0,0.0,0.0,49,UTAH
2433,492433,4.0,16.62712522,4.156781305,806.0,45.0,119.0,642.0,814.025733816,28.0,17.0,16.0,103.0,60.0,190.0,0.0,392.0,8.025733816,0.0,0.0,0.0,50579,0.0,0.0,0.0,49,UTAH
2434,492434,84.0,294.9126947,3.5108654131,525.0,12.0,13.0,500.0,536.013793488,2.0,10.0,13.0,0.0,128.0,193.0,140.0,39.0,4.012866908,0.0,0.0,7.00092658,50579,532.0,0.0,0.0,49,UTAH
2435,492435,378.0,1204.153911,3.18559235714,60.0,12.0,24.0,24.0,109.011549367,2.0,10.0,0.0,24.0,0.0,7.0,0.0,17.0,1.003216727,0.0,15.00396448,33.00436816,58142,0.0,0.0,0.0,49,UTAH
2436,492436,522.0,1738.847254,3.33112500766,84.0,78.0,0.0,6.0,129.00595658,36.0,42.0,0.0,0.0,0.0,5.0,1.0,0.0,0.0,0.0,0.0,45.00595658,58142,473.0,0.0,0.0,49,UTAH
2437,492437,309.0,899.6149857,2.91137535825,180.0,60.0,3.0,117.0,207.00357395,57.0,3.0,0.0,3.0,12.0,93.0,6.0,6.0,0.0,0.0,0.0,27.00357395,49830,0.0,0.0,0.0,49,UTAH
2438,492438,6.0,14.00178966,2.33363161,151.0,0.0,78.0,73.0,152.000132369,0.0,0.0,0.0,78.0,1.0,72.0,0.0,0.0,0.0,0.0,0.0,1.000132369,50579,0.0,0.0,0.0,49,UTAH
2439,492439,55.0,182.8983774,3.32542504364,991.0,3.0,40.0,948.0,1041.04503199,1.0,2.0,40.0,0.0,480.0,264.0,62.0,142.0,11.035384,0.0,34.00898615,5.000661843,50579,0.0,0.0,0.0,49,UTAH
2440,492440,354.0,1167.511011,3.29805370339,0.0,0.0,0.0,0.0,51.011286377,0.0,0.0,0.0,0.0,0.0,0.0,0.0,0.0,1.003216727,0.0,11.00290728,39.00516237,50579,0.0,0.0,0.0,49,UTAH
2441,492441,400.0,1324.044235,3.3101105875,155.0,0.0,0.0,155.0,297.038817654,0.0,0.0,0.0,0.0,1.0,22.0,93.0,39.0,2.006433454,0.0,105.0277513,35.0046329,50579,0.0,0.0,0.0,49,UTAH
2442,492442,378.0,1219.030812,3.2249492381,44.0,0.0,0.0,44.0,77.00436816,0.0,0.0,0.0,0.0,1.0,34.0,0.0,9.0,0.0,0.0,0.0,33.00436816,50579,0.0,0.0,0.0,49,UTAH
2443,492443,159.0,516.3159937,3.24727040063,194.0,0.0,1.0,193.0,219.00476044,0.0,0.0,0.0,1.0,9.0,21.0,156.0,7.0,0.0,0.0,11.00290728,14.00185316,52767,0.0,0.0,0.0,49,UTAH
2444,492444,330.0,1047.508889,3.17426936061,0.0,0.0,0.0,0.0,30.007055417,0.0,0.0,0.0,0.0,0.0,0.0,0.0,0.0,1.003216727,0.0,0.0,29.00383869,50579,0.0,0.0,0.0,49,UTAH
2445,492445,635.0,2266.539701,3.56935385984,42.0,0.0,0.0,42.0,164.02498827,0.0,0.0,0.0,0.0,1.0,5.0,20.0,16.0,0.0,0.0,67.017708,55.00728027,53626,0.0,0.0,0.0,49,UTAH
2446,492446,173.0,562.696922,3.25258336416,0.0,0.0,0.0,0.0,15.00198553,0.0,0.0,0.0,0.0,0.0,0.0,0.0,0.0,0.0,0.0,0.0,15.00198553,46439,0.0,0.0,0.0,49,UTAH
2447,492447,316.0,905.7407687,2.86626825538,379.0,123.0,155.0,101.0,408.004102547,123.0,0.0,77.0,78.0,0.0,13.0,0.0,88.0,0.0,0.0,2.000528597,27.00357395,42130,0.0,0.0,0.0,49,UTAH
2448,492448,318.0,833.9815967,2.62258363742,79.0,12.0,0.0,67.0,106.00357395,10.0,2.0,0.0,0.0,23.0,1.0,1.0,42.0,0.0,0.0,0.0,27.00357395,27781,0.0,0.0,0.0,49,UTAH
2449,492449,342.0,982.7506118,2.87353980058,990.0,22.0,11.0,957.0,1020.00397106,7.0,15.0,0.0,11.0,137.0,535.0,3.0,282.0,0.0,0.0,0.0,30.00397106,35749,0.0,0.0,0.0,49,UTAH
2450,492450,401.0,1100.223221,2.74369880549,2479.0,38.0,11.0,2430.0,2550.01361992,25.0,13.0,3.0,8.0,1858.0,89.0,1.0,482.0,0.0,0.0,32.00845755,39.00516237,29097,0.0,0.0,0.0,49,UTAH
2451,492451,225.0,636.2063177,2.82758363422,184.0,41.0,3.0,140.0,203.002515,41.0,0.0,0.0,3.0,20.0,83.0,3.0,34.0,0.0,0.0,0.0,19.002515,27781,472.0,0.0,0.0,49,UTAH
2452,492452,402.0,1108.766719,2.75812616667,113.0,22.0,9.0,82.0,184.01414765,21.0,1.0,0.0,9.0,15.0,2.0,0.0,65.0,0.0,0.0,36.00951475,35.0046329,35786,0.0,0.0,0.0,49,UTAH
2453,492453,395.0,1098.265377,2.78041867595,968.0,23.0,26.0,919.0,1002.00450053,15.0,8.0,24.0,2.0,262.0,15.0,0.0,642.0,0.0,0.0,0.0,34.00450053,29097,0.0,0.0,0.0,49,UTAH
2454,492454,855.0,2870.617552,3.35744742924,0.0,0.0,0.0,0.0,74.00979527,0.0,0.0,0.0,0.0,0.0,0.0,0.0,0.0,0.0,0.0,0.0,74.00979527,16484,0.0,0.0,0.0,49,UTAH
2455,492455,339.0,1097.390265,3.23713942478,585.0,43.0,127.0,415.0,620.005424481,41.0,2.0,106.0,21.0,173.0,13.0,12.0,217.0,0.0,0.0,6.001585791,29.00383869,26675,0.0,0.0,0.0,49,UTAH
2456,492456,61.0,189.8992723,3.11310282459,206.0,24.0,80.0,102.0,719.134925543,21.0,3.0,15.0,65.0,4.0,3.0,45.0,50.0,0.0,0.0,508.1342637,5.000661843,26675,0.0,0.0,0.0,49,UTAH
2457,492457,348.0,1037.882659,2.98242143391,0.0,0.0,0.0,0.0,30.00397106,0.0,0.0,0.0,0.0,0.0,0.0,0.0,0.0,0.0,0.0,0.0,30.00397106,26675,0.0,0.0,0.0,49,UTAH
2458,492458,34.0,96.26230392,2.83124423294,1032.0,769.0,8.0,255.0,1035.00039711,550.0,219.0,2.0,6.0,5.0,29.0,4.0,217.0,0.0,0.0,0.0,3.000397106,26675,0.0,0.0,0.0,49,UTAH
2459,492459,2.0,3.0,1.5,2885.0,1772.0,12.0,1101.0,2885.0,1430.0,342.0,9.0,3.0,91.0,298.0,3.0,709.0,0.0,0.0,0.0,0.0,26675,0.0,0.0,0.0,49,UTAH
2460,492460,102.0,272.1597865,2.66823320098,1348.0,32.0,6.0,1310.0,1357.00119132,2.0,30.0,3.0,3.0,217.0,756.0,17.0,320.0,0.0,0.0,0.0,9.001191317,26389,0.0,0.0,0.0,49,UTAH
2461,492461,239.0,698.3392593,2.92192158703,471.0,16.0,83.0,372.0,492.00277974,16.0,0.0,64.0,19.0,43.0,29.0,121.0,179.0,0.0,0.0,0.0,21.00277974,25651,0.0,0.0,0.0,49,UTAH
2462,492462,301.0,863.7353997,2.86955282292,177.0,67.0,0.0,110.0,203.00344158,65.0,2.0,0.0,0.0,1.0,41.0,4.0,64.0,0.0,0.0,0.0,26.00344158,29438,0.0,0.0,0.0,49,UTAH
2463,492463,410.0,1152.522311,2.81103002683,5.0,1.0,0.0,4.0,40.0046329,1.0,0.0,0.0,0.0,0.0,2.0,0.0,2.0,0.0,0.0,0.0,35.0046329,32117,0.0,0.0,0.0,49,UTAH
2464,492464,328.0,868.9860708,2.64934777683,314.0,47.0,38.0,229.0,374.01216387,47.0,0.0,38.0,0.0,29.0,3.0,5.0,192.0,0.0,0.0,32.00845755,28.00370632,31993,0.0,0.0,0.0,49,UTAH
2465,492465,273.0,784.9753329,2.87536751978,298.0,67.0,60.0,171.0,322.00317684,64.0,3.0,58.0,2.0,41.0,11.0,13.0,106.0,0.0,0.0,0.0,24.00317684,22621,0.0,0.0,0.0,49,UTAH
2466,492466,314.0,959.9977036,3.05731752739,729.0,43.0,0.0,686.0,756.00357395,35.0,8.0,0.0,0.0,29.0,285.0,201.0,171.0,0.0,0.0,0.0,27.00357395,16417,0.0,0.0,0.0,49,UTAH
2467,492467,464.0,1343.296696,2.89503598276,351.0,170.0,0.0,181.0,391.00529474,170.0,0.0,0.0,0.0,38.0,83.0,13.0,47.0,0.0,0.0,0.0,40.00529474,43624,464.0,0.0,0.0,49,UTAH
2468,492468,275.0,912.7416635,3.31906059455,0.0,0.0,0.0,0.0,24.00317684,0.0,0.0,0.0,0.0,0.0,0.0,0.0,0.0,0.0,0.0,0.0,24.00317684,46569,0.0,0.0,0.0,49,UTAH
2469,492469,1.0,1.750223708,1.750223708,847.0,114.0,311.0,422.0,847.0,59.0,55.0,247.0,64.0,6.0,18.0,20.0,378.0,0.0,0.0,0.0,0.0,26675,0.0,0.0,0.0,49,UTAH
2470,492470,413.0,1189.277009,2.87960534867,191.0,18.0,26.0,147.0,227.00476527,18.0,0.0,4.0,22.0,8.0,16.0,26.0,97.0,0.0,0.0,0.0,36.00476527,27905,0.0,0.0,0.0,49,UTAH
2471,492471,0.0,0.0,0.0,3462.0,1181.0,280.0,2001.0,3462.0,957.0,224.0,138.0,142.0,64.0,363.0,21.0,1553.0,0.0,0.0,0.0,0.0,26675,0.0,0.0,0.0,49,UTAH
2472,492472,0.0,0.0,0.0,1359.0,3.0,316.0,1040.0,1359.0,1.0,2.0,192.0,124.0,223.0,374.0,0.0,443.0,0.0,0.0,0.0,0.0,26675,0.0,29.0,29.0,49,UTAH
2473,492473,0.0,0.0,0.0,23.0,1.0,4.0,18.0,23.0,0.0,1.0,3.0,1.0,2.0,1.0,0.0,15.0,0.0,0.0,0.0,0.0,27905,0.0,0.0,0.0,49,UTAH
2474,492474,294.0,848.1360221,2.8848164017,146.0,8.0,63.0,75.0,176.00397106,7.0,1.0,63.0,0.0,42.0,5.0,2.0,26.0,0.0,0.0,0.0,30.00397106,27905,0.0,0.0,0.0,49,UTAH
2475,492475,585.0,1838.610005,3.14292308547,806.0,466.0,16.0,324.0,857.00675079,463.0,3.0,12.0,4.0,168.0,44.0,5.0,107.0,0.0,0.0,0.0,51.00675079,59921,0.0,0.0,0.0,49,UTAH
2476,492476,451.0,1546.322646,3.42865331707,0.0,0.0,0.0,0.0,39.00516237,0.0,0.0,0.0,0.0,0.0,0.0,0.0,0.0,0.0,0.0,0.0,39.00516237,59921,0.0,0.0,0.0,49,UTAH
2477,492477,214.0,658.9592259,3.07924871916,301.0,33.0,11.0,257.0,319.00238263,29.0,4.0,11.0,0.0,183.0,11.0,1.0,62.0,0.0,0.0,0.0,18.00238263,59921,0.0,0.0,0.0,49,UTAH
2478,492478,0.0,0.0,0.0,5407.0,216.0,35.0,5156.0,5407.0,103.0,113.0,21.0,14.0,3221.0,221.0,917.0,797.0,0.0,0.0,0.0,0.0,26675,0.0,0.0,0.0,49,UTAH
2479,492479,0.0,0.0,0.0,724.0,14.0,85.0,625.0,724.0,12.0,2.0,32.0,53.0,208.0,229.0,11.0,177.0,0.0,0.0,0.0,0.0,26675,0.0,0.0,0.0,49,UTAH
2480,492480,0.0,0.0,0.0,185.0,1.0,116.0,68.0,185.0,1.0,0.0,96.0,20.0,3.0,55.0,0.0,10.0,0.0,0.0,0.0,0.0,72764,0.0,0.0,0.0,49,UTAH
2481,492481,41.0,129.5165544,3.15894035122,942.0,18.0,242.0,682.0,946.000529474,17.0,1.0,232.0,10.0,558.0,88.0,1.0,35.0,0.0,0.0,0.0,4.000529474,72764,0.0,0.0,0.0,49,UTAH
2482,492482,525.0,1734.471694,3.30375560762,441.0,3.0,70.0,368.0,488.006485177,1.0,2.0,69.0,1.0,136.0,176.0,31.0,25.0,0.0,0.0,2.000528597,45.00595658,47838,486.0,0.0,0.0,49,UTAH
2483,492483,2.0,11.3764541,5.68822705,739.0,51.0,417.0,271.0,761.71880819,1.0,50.0,412.0,5.0,36.0,136.0,1.0,98.0,0.0,22.71880819,0.0,0.0,72764,0.0,0.0,0.0,49,UTAH
2484,492484,0.0,0.0,0.0,2499.0,0.0,1443.0,1056.0,2499.0,0.0,0.0,1322.0,121.0,3.0,294.0,0.0,759.0,0.0,0.0,0.0,0.0,72764,0.0,0.0,0.0,49,UTAH
2485,492485,0.0,0.0,0.0,876.0,36.0,603.0,237.0,881.001321493,0.0,36.0,346.0,257.0,25.0,89.0,1.0,122.0,0.0,0.0,5.001321493,0.0,72764,0.0,0.0,0.0,49,UTAH
2486,492486,1.0,3.500447415,3.500447415,647.0,134.0,181.0,332.0,647.0,60.0,74.0,180.0,1.0,79.0,40.0,13.0,200.0,0.0,0.0,0.0,0.0,26675,0.0,0.0,0.0,49,UTAH
2487,492487,0.0,0.0,0.0,465.0,2.0,306.0,157.0,465.0,0.0,2.0,228.0,78.0,23.0,24.0,0.0,110.0,0.0,0.0,0.0,0.0,76322,0.0,0.0,0.0,49,UTAH
2488,492488,0.0,0.0,0.0,2098.0,1.0,1463.0,634.0,2098.0,1.0,0.0,1176.0,287.0,168.0,125.0,42.0,299.0,0.0,0.0,0.0,0.0,76322,0.0,0.0,0.0,49,UTAH
2489,492489,0.0,0.0,0.0,148.0,2.0,1.0,145.0,153.016083635,1.0,1.0,0.0,1.0,0.0,65.0,74.0,6.0,5.016083635,0.0,0.0,0.0,76322,18.0,26.0,54.0,49,UTAH
2490,492490,101.0,337.7931756,3.34448688713,61.0,0.0,4.0,57.0,72.007624771,0.0,0.0,1.0,3.0,0.0,11.0,0.0,46.0,2.006433454,0.0,0.0,9.001191317,76322,0.0,0.0,0.0,49,UTAH
2491,492491,0.0,0.0,0.0,155.0,4.0,66.0,85.0,182.00713606,3.0,1.0,1.0,65.0,6.0,27.0,0.0,52.0,0.0,0.0,27.00713606,0.0,76322,0.0,0.0,0.0,49,UTAH
2492,492492,0.0,0.0,0.0,930.0,492.0,62.0,376.0,935.013131207,328.0,164.0,30.0,32.0,26.0,140.0,6.0,204.0,4.012866908,0.0,1.000264299,0.0,76322,0.0,0.0,0.0,49,UTAH
2493,492493,185.0,612.5782977,3.31123404162,52.0,0.0,0.0,52.0,72.014984808,0.0,0.0,0.0,0.0,1.0,49.0,0.0,2.0,4.012866908,0.0,0.0,16.0021179,76322,0.0,144.0,176.0,49,UTAH
2494,492494,385.0,1332.795353,3.46180611169,9.0,7.0,0.0,2.0,42.00436816,0.0,7.0,0.0,0.0,0.0,0.0,0.0,2.0,0.0,0.0,0.0,33.00436816,76322,736.8888889,92.11111111,0.0,49,UTAH
2495,492495,0.0,0.0,0.0,1402.0,424.0,150.0,828.0,1405.00965018,304.0,120.0,11.0,139.0,192.0,68.0,12.0,556.0,3.009650181,0.0,0.0,0.0,56752,0.0,0.0,0.0,49,UTAH
2496,492496,341.0,984.5008355,2.88709922434,173.0,2.0,12.0,159.0,372.051721917,2.0,0.0,9.0,3.0,33.0,97.0,3.0,26.0,1.003216727,0.0,169.0446665,29.00383869,56752,524.0,150.0,0.0,49,UTAH
2497,492497,391.0,1179.650779,3.01700966496,252.0,0.0,23.0,229.0,286.00450053,0.0,0.0,22.0,1.0,27.0,100.0,88.0,14.0,0.0,0.0,0.0,34.00450053,56752,0.0,0.0,0.0,49,UTAH
2498,492498,138.0,408.6772357,2.9614292442,204.0,122.0,9.0,73.0,310.02643248,1.0,121.0,0.0,9.0,18.0,13.0,0.0,42.0,0.0,0.0,94.02484406,12.00158842,61210,0.0,0.0,0.0,49,UTAH
2499,492499,256.0,744.7201876,2.90906323281,361.0,74.0,126.0,161.0,408.00951957,53.0,21.0,104.0,22.0,19.0,32.0,3.0,107.0,0.0,0.0,25.00660746,22.00291211,46924,0.0,0.0,0.0,49,UTAH
2500,492500,244.0,734.2188453,3.00909362828,214.0,49.0,61.0,104.0,235.00277974,13.0,36.0,0.0,61.0,36.0,7.0,27.0,34.0,0.0,0.0,0.0,21.00277974,48441,0.0,0.0,0.0,49,UTAH
2501,492501,585.0,2048.63685,3.50194333333,0.0,0.0,0.0,0.0,51.00675079,0.0,0.0,0.0,0.0,0.0,0.0,0.0,0.0,0.0,0.0,0.0,51.00675079,60654,0.0,0.0,0.0,49,UTAH
2502,492502,507.0,1481.564368,2.92221768836,345.0,143.0,18.0,184.0,389.00582421,81.0,62.0,15.0,3.0,5.0,41.0,27.0,111.0,0.0,0.0,0.0,44.00582421,48441,0.0,0.0,0.0,49,UTAH
2503,492503,411.0,1345.046919,3.27262024088,874.0,140.0,104.0,630.0,913.005558166,111.0,29.0,78.0,26.0,14.0,420.0,22.0,174.0,0.0,0.0,3.000792896,36.00476527,46924,0.0,0.0,0.0,49,UTAH
2504,492504,295.0,791.1011158,2.68169869763,201.0,89.0,3.0,109.0,228.003837807,31.0,58.0,1.0,2.0,22.0,9.0,1.0,77.0,0.0,0.0,2.000528597,25.00330921,45720,0.0,0.0,0.0,49,UTAH
2505,492505,395.0,1126.268956,2.85131381266,188.0,55.0,1.0,132.0,222.00450053,18.0,37.0,1.0,0.0,18.0,41.0,4.0,69.0,0.0,0.0,0.0,34.00450053,32863,0.0,0.0,0.0,49,UTAH
2506,492506,512.0,1560.324435,3.04750866211,37.0,0.0,0.0,37.0,88.0076743,0.0,0.0,0.0,0.0,0.0,19.0,0.0,18.0,0.0,0.0,7.00185009,44.00582421,43053,548.0,0.0,0.0,49,UTAH
2507,492507,363.0,1031.756876,2.84230544353,0.0,0.0,0.0,0.0,31.00410342,0.0,0.0,0.0,0.0,0.0,0.0,0.0,0.0,0.0,0.0,0.0,31.00410342,56716,0.0,0.0,0.0,49,UTAH
2508,492508,341.0,945.1208021,2.77161525543,779.0,244.0,7.0,528.0,808.00383869,208.0,36.0,0.0,7.0,195.0,149.0,2.0,182.0,0.0,0.0,0.0,29.00383869,40398,0.0,0.0,0.0,49,UTAH
2509,492509,376.0,930.2439006,2.47405292713,577.0,127.0,2.0,448.0,622.00767167,106.0,21.0,0.0,2.0,32.0,68.0,92.0,256.0,0.0,0.0,13.00343588,32.00423579,43773,0.0,0.0,0.0,49,UTAH
2510,492510,263.0,739.4695165,2.8116711654,521.0,224.0,5.0,292.0,670.03634608,224.0,0.0,1.0,4.0,1.0,76.0,91.0,124.0,0.0,0.0,126.0333016,23.00304448,45083,0.0,1137.0,62.0,49,UTAH
2511,492511,471.0,1469.312803,3.1195600913,20.0,0.0,0.0,20.0,61.00542711,0.0,0.0,0.0,0.0,0.0,3.0,12.0,5.0,0.0,0.0,0.0,41.00542711,53273,0.0,0.0,0.0,49,UTAH
2512,492512,307.0,1042.258218,3.39497790879,15.0,0.0,1.0,14.0,146.03106095,0.0,0.0,0.0,1.0,0.0,2.0,0.0,12.0,0.0,0.0,104.027487,27.00357395,85930,0.0,0.0,0.0,49,UTAH
2513,492513,173.0,510.1902108,2.94907636301,2145.0,881.0,20.0,1244.0,2186.01476215,682.0,199.0,16.0,4.0,461.0,135.0,67.0,581.0,2.006433454,0.0,24.00634317,15.00198553,42945,0.0,0.0,0.0,49,UTAH
2514,492514,835.0,2520.322139,3.01834986707,166.0,26.0,10.0,130.0,307.033671984,10.0,16.0,9.0,1.0,3.0,22.0,1.0,104.0,2.006433454,0.0,67.017708,72.00953053,57788,0.0,0.0,0.0,49,UTAH
2515,492515,332.0,1037.882659,3.12615258735,34.0,2.0,16.0,16.0,72.009169805,2.0,0.0,16.0,0.0,5.0,1.0,1.0,9.0,1.003216727,0.0,8.002114388,29.00383869,57788,0.0,0.0,0.0,49,UTAH
2516,492516,504.0,1597.954245,3.1705441369,588.0,121.0,180.0,287.0,781.04520471,114.0,7.0,128.0,52.0,165.0,83.0,0.0,39.0,0.0,0.0,149.0393805,44.00582421,42945,0.0,0.0,0.0,49,UTAH
2517,492517,277.0,959.1225918,3.46253643249,0.0,0.0,0.0,0.0,119.0282852,0.0,0.0,0.0,0.0,0.0,0.0,0.0,0.0,0.0,0.0,95.02510836,24.00317684,57788,0.0,0.0,0.0,49,UTAH
2518,492518,394.0,1352.047814,3.43159343655,13.0,0.0,6.0,7.0,53.014943607,0.0,0.0,0.0,6.0,5.0,0.0,0.0,2.0,3.009650181,0.0,3.000792896,34.00450053,57788,0.0,0.0,0.0,49,UTAH
2519,492519,239.0,755.2215298,3.15992271883,377.0,5.0,116.0,256.0,543.047007894,5.0,0.0,15.0,101.0,165.0,69.0,3.0,19.0,2.006433454,0.0,143.0377947,21.00277974,57788,0.0,0.0,0.0,49,UTAH
2520,492520,116.0,356.1705245,3.07043555603,33.0,1.0,4.0,28.0,95.01506721,1.0,0.0,0.0,4.0,2.0,2.0,0.0,24.0,0.0,0.0,52.01374352,10.00132369,52259,0.0,0.0,0.0,49,UTAH
2521,492521,0.0,0.0,0.0,563.0,9.0,161.0,393.0,628.031941545,9.0,0.0,109.0,52.0,186.0,120.0,0.0,87.0,5.016083635,0.0,60.01585791,0.0,38465,0.0,0.0,0.0,49,UTAH
2522,492522,13.0,35.00447415,2.69265185769,142.0,0.0,2.0,140.0,199.014933089,0.0,0.0,1.0,1.0,37.0,40.0,0.0,63.0,0.0,0.0,56.01480072,1.000132369,38465,0.0,0.0,0.0,49,UTAH
2523,492523,8.0,23.62802005,2.95350250625,160.0,2.0,122.0,36.0,161.000132369,0.0,2.0,71.0,51.0,10.0,23.0,0.0,3.0,0.0,0.0,0.0,1.000132369,38465,0.0,0.0,0.0,49,UTAH
2524,492524,122.0,378.0483208,3.09875672787,29.0,7.0,5.0,17.0,41.004672777,0.0,7.0,5.0,0.0,4.0,2.0,0.0,11.0,1.003216727,0.0,0.0,11.00145605,43185,0.0,0.0,0.0,49,UTAH
2525,492525,166.0,455.058164,2.74131424096,239.0,78.0,0.0,161.0,255.002381757,73.0,5.0,0.0,0.0,20.0,55.0,2.0,84.0,0.0,0.0,2.000528597,14.00185316,40860,0.0,0.0,4.0,49,UTAH
2526,492526,304.0,798.1020107,2.62533556151,815.0,215.0,13.0,587.0,841.00344158,140.0,75.0,11.0,2.0,51.0,92.0,218.0,226.0,0.0,0.0,0.0,26.00344158,38851,817.0,0.0,0.0,49,UTAH
2527,492527,411.0,1226.031707,2.98304551582,33.0,7.0,0.0,26.0,79.00740826,7.0,0.0,0.0,0.0,0.0,21.0,0.0,5.0,0.0,0.0,10.00264299,36.00476527,37934,641.7777778,80.22222222,0.0,49,UTAH
2528,492528,249.0,771.848655,3.09979379518,175.0,0.0,0.0,175.0,201.003969304,0.0,0.0,0.0,0.0,0.0,117.0,12.0,46.0,0.0,0.0,4.001057194,22.00291211,45844,16.5,8.25,1436.25,49,UTAH
2529,492529,331.0,1170.024549,3.53481736858,3.0,0.0,0.0,3.0,35.004631586,0.0,0.0,0.0,0.0,1.0,0.0,0.0,2.0,0.0,0.0,3.000792896,29.00383869,85759,0.0,0.0,0.0,49,UTAH
2530,492530,226.0,771.848655,3.4152595354,0.0,0.0,0.0,0.0,119.02881293,0.0,0.0,0.0,0.0,0.0,0.0,0.0,0.0,0.0,0.0,99.02616556,20.00264737,84556,0.0,0.0,0.0,49,UTAH
2531,492531,265.0,779.7246617,2.94235721396,1.0,1.0,0.0,0.0,24.00304448,1.0,0.0,0.0,0.0,0.0,0.0,0.0,0.0,0.0,0.0,0.0,23.00304448,48272,0.0,0.0,0.0,49,UTAH
2532,492532,286.0,907.4909924,3.17304542797,26.0,1.0,0.0,25.0,51.00330921,1.0,0.0,0.0,0.0,0.0,24.0,0.0,1.0,0.0,0.0,0.0,25.00330921,48095,733.0,0.0,0.0,49,UTAH
2533,492533,403.0,1338.921136,3.32238495285,0.0,0.0,0.0,0.0,53.00939027,0.0,0.0,0.0,0.0,0.0,0.0,0.0,0.0,0.0,0.0,18.00475737,35.0046329,76570,0.0,0.0,0.0,49,UTAH
2534,492534,224.0,765.7228721,3.41840567902,0.0,0.0,0.0,0.0,28.004893687,0.0,0.0,0.0,0.0,0.0,0.0,0.0,0.0,0.0,0.0,9.002378687,19.002515,45844,0.0,0.0,0.0,49,UTAH
2535,492535,377.0,1532.320856,4.06451155438,0.0,0.0,0.0,0.0,59.01123992,0.0,0.0,0.0,0.0,0.0,0.0,0.0,0.0,0.0,0.0,26.00687176,33.00436816,110994,0.0,0.0,0.0,49,UTAH
2536,492536,256.0,878.6123012,3.43207930156,0.0,0.0,0.0,0.0,22.00291211,0.0,0.0,0.0,0.0,0.0,0.0,0.0,0.0,0.0,0.0,0.0,22.00291211,51775,0.0,0.0,0.0,49,UTAH
2537,492537,260.0,940.7452428,3.61825093385,30.0,0.0,0.0,30.0,52.00291211,0.0,0.0,0.0,0.0,3.0,12.0,3.0,12.0,0.0,0.0,0.0,22.00291211,73688,0.0,0.0,0.0,49,UTAH
2538,492538,216.0,729.8432861,3.37890410231,0.0,0.0,0.0,0.0,19.002515,0.0,0.0,0.0,0.0,0.0,0.0,0.0,0.0,0.0,0.0,0.0,19.002515,73688,0.0,0.0,0.0,49,UTAH
2539,492539,284.0,965.2483747,3.39876188275,69.0,9.0,5.0,55.0,125.014454897,9.0,0.0,5.0,0.0,0.0,26.0,3.0,26.0,1.003216727,0.0,30.00792896,25.00330921,96398,601.0,0.0,0.0,49,UTAH
2540,492540,123.0,401.6763409,3.26566130813,10.0,0.0,0.0,10.0,21.00145605,0.0,0.0,0.0,0.0,0.0,2.0,0.0,8.0,0.0,0.0,0.0,11.00145605,49535,0.0,0.0,0.0,49,UTAH
2541,492541,614.0,2172.027621,3.53750426873,263.0,9.0,40.0,214.0,317.010232257,9.0,0.0,15.0,25.0,95.0,68.0,15.0,36.0,1.003216727,0.0,0.0,53.00701553,72263,0.0,0.0,0.0,49,UTAH
2542,492542,197.0,692.2134764,3.51377399188,367.0,5.0,54.0,308.0,389.012429038,5.0,0.0,20.0,34.0,177.0,49.0,60.0,22.0,3.009650181,0.0,2.000528597,17.00225026,73637,0.0,0.0,0.0,49,UTAH
2543,492543,149.0,514.56577,3.45346154362,393.0,1.0,2.0,390.0,447.018461884,1.0,0.0,0.0,2.0,11.0,173.0,9.0,197.0,2.006433454,0.0,39.01030764,13.00172079,73688,559.1111111,69.88888889,0.0,49,UTAH
2544,492544,282.0,978.3750525,3.46941507979,175.0,19.0,30.0,126.0,200.006393567,4.0,15.0,0.0,30.0,16.0,65.0,5.0,40.0,1.003216727,0.0,0.0,24.00317684,88331,0.0,1207.0,0.0,49,UTAH
2545,492545,275.0,935.4945717,3.40179844255,0.0,0.0,0.0,0.0,26.009610294,0.0,0.0,0.0,0.0,0.0,0.0,0.0,0.0,2.006433454,0.0,0.0,24.00317684,92324,0.0,0.0,0.0,49,UTAH
2546,492546,359.0,1205.029023,3.35662680501,0.0,0.0,0.0,0.0,33.010536874,0.0,0.0,0.0,0.0,0.0,0.0,0.0,0.0,2.006433454,0.0,0.0,31.00410342,72263,0.0,0.0,0.0,49,UTAH
2547,492547,99.0,391.1749986,3.95126261212,202.0,38.0,60.0,104.0,211.001191317,37.0,1.0,52.0,8.0,18.0,37.0,2.0,47.0,0.0,0.0,0.0,9.001191317,72263,525.0,0.0,0.0,49,UTAH
2548,492548,413.0,1459.686572,3.53435005327,173.0,5.0,2.0,166.0,216.009567788,5.0,0.0,2.0,0.0,0.0,15.0,133.0,18.0,1.003216727,0.0,6.001585791,36.00476527,72263,0.0,0.0,0.0,49,UTAH
2549,492549,338.0,1228.657043,3.63508000888,46.0,5.0,4.0,37.0,79.016705598,5.0,0.0,4.0,0.0,4.0,6.0,1.0,26.0,4.012866908,0.0,0.0,29.00383869,79487,0.0,0.0,0.0,49,UTAH
2550,492550,253.0,851.4838337,3.3655487498,49.0,0.0,11.0,38.0,78.016571914,0.0,0.0,6.0,5.0,12.0,12.0,0.0,14.0,4.012866908,0.0,3.000792896,22.00291211,81903,0.0,0.0,0.0,49,UTAH
2551,492551,31.0,106.7636462,3.4439885871,76.0,9.0,1.0,66.0,80.003613833,0.0,9.0,0.0,1.0,0.0,32.0,34.0,0.0,1.003216727,0.0,0.0,3.000397106,77565,0.0,0.0,0.0,49,UTAH
2552,492552,327.0,1114.01739,3.40678100917,347.0,9.0,10.0,328.0,377.010139774,0.0,9.0,9.0,1.0,175.0,55.0,10.0,88.0,2.006433454,0.0,0.0,28.00370632,79448,0.0,0.0,0.0,49,UTAH
2553,492553,133.0,478.686184,3.5991442406,0.0,0.0,0.0,0.0,49.020356681,0.0,0.0,0.0,0.0,0.0,0.0,0.0,0.0,3.009650181,0.0,35.00925045,11.00145605,81903,0.0,0.0,0.0,49,UTAH
2554,492554,233.0,728.9681742,3.12861877339,428.0,234.0,24.0,170.0,712.07242217,151.0,83.0,11.0,13.0,3.0,59.0,0.0,108.0,0.0,0.0,264.0697748,20.00264737,79487,0.0,0.0,0.0,49,UTAH
2555,492555,289.0,772.7237669,2.67378466055,1.0,1.0,0.0,0.0,164.042734837,0.0,1.0,0.0,0.0,0.0,0.0,0.0,0.0,1.003216727,0.0,137.0362089,25.00330921,81903,0.0,0.0,0.0,49,UTAH
2556,492556,1.0,3.500447415,3.500447415,2361.0,27.0,418.0,1916.0,2361.0,26.0,1.0,411.0,7.0,156.0,200.0,1372.0,188.0,0.0,0.0,0.0,0.0,38465,0.0,0.0,0.0,49,UTAH
2557,492557,53.0,168.8965878,3.1867280717,161.0,1.0,10.0,150.0,212.012819573,1.0,0.0,8.0,2.0,90.0,32.0,1.0,27.0,0.0,0.0,46.01215773,5.000661843,38465,0.0,0.0,0.0,49,UTAH
2558,492558,47.0,118.1401003,2.51361915532,0.0,0.0,0.0,0.0,27.006608344,0.0,0.0,0.0,0.0,0.0,0.0,0.0,0.0,0.0,0.0,23.00607887,4.000529474,38465,0.0,0.0,0.0,49,UTAH
2559,492559,0.0,0.0,0.0,765.0,292.0,274.0,199.0,765.0,262.0,30.0,274.0,0.0,24.0,87.0,36.0,52.0,0.0,0.0,0.0,0.0,38465,0.0,0.0,0.0,49,UTAH
2560,492560,0.0,0.0,0.0,1410.0,803.0,7.0,600.0,1482.0190295,724.0,79.0,2.0,5.0,163.0,85.0,4.0,348.0,0.0,0.0,72.0190295,0.0,38465,0.0,0.0,0.0,49,UTAH
2561,492561,557.0,1609.330699,2.88928312208,940.0,10.0,22.0,908.0,1005.01084677,9.0,1.0,14.0,8.0,597.0,139.0,10.0,162.0,0.0,0.0,17.00449308,48.00635369,38465,0.0,0.0,0.0,49,UTAH
2562,492562,540.0,1676.714312,3.1050265037,270.0,50.0,2.0,218.0,317.00622132,25.0,25.0,1.0,1.0,143.0,7.0,3.0,65.0,0.0,0.0,0.0,47.00622132,44586,0.0,0.0,0.0,49,UTAH
2563,492563,118.0,399.9261172,3.38920438305,0.0,0.0,0.0,0.0,104.032072614,0.0,0.0,0.0,0.0,0.0,0.0,0.0,0.0,2.006433454,0.0,92.02431547,10.00132369,72263,0.0,0.0,0.0,49,UTAH
2564,492564,205.0,684.3374697,3.33823155951,8.0,0.0,0.0,8.0,78.01612615,0.0,0.0,0.0,0.0,8.0,0.0,0.0,0.0,0.0,0.0,52.01374352,18.00238263,72263,563.0,0.0,0.0,49,UTAH
2565,492565,162.0,576.6987117,3.55986859074,0.0,0.0,0.0,0.0,74.023615934,0.0,0.0,0.0,0.0,0.0,0.0,0.0,0.0,2.006433454,0.0,58.01532932,14.00185316,72263,0.0,0.0,0.0,49,UTAH
2566,492566,479.0,1668.838305,3.48400481211,162.0,104.0,1.0,57.0,203.00542711,81.0,23.0,0.0,1.0,0.0,56.0,0.0,1.0,0.0,0.0,0.0,41.00542711,77565,493.3333333,185.0,61.66666667,49,UTAH
2567,492567,175.0,572.3231524,3.27041801371,63.0,0.0,0.0,63.0,79.005202257,0.0,0.0,0.0,0.0,1.0,60.0,0.0,2.0,1.003216727,0.0,0.0,15.00198553,77565,0.0,0.0,1438.0,49,UTAH
2568,492568,186.0,595.9511724,3.20403856129,0.0,0.0,0.0,0.0,19.011768081,0.0,0.0,0.0,0.0,0.0,0.0,0.0,0.0,3.009650181,0.0,0.0,16.0021179,77565,0.0,0.0,0.0,49,UTAH
2569,492569,438.0,1492.065711,3.40654271918,0.0,0.0,0.0,0.0,39.008246727,0.0,0.0,0.0,0.0,0.0,0.0,0.0,0.0,1.003216727,0.0,0.0,38.00503,77565,0.0,0.0,0.0,49,UTAH
2570,492570,178.0,525.0671123,2.94981523764,722.0,90.0,3.0,629.0,741.014852438,67.0,23.0,3.0,0.0,55.0,80.0,27.0,467.0,4.012866908,0.0,0.0,15.00198553,77565,0.0,0.0,0.0,49,UTAH
2571,492571,150.0,495.3133092,3.302088728,558.0,1.0,3.0,554.0,635.027493181,0.0,1.0,2.0,1.0,10.0,130.0,392.0,22.0,3.009650181,0.0,61.01612221,13.00172079,77565,0.0,25.0,64.0,49,UTAH
2572,492572,59.0,176.7725945,2.99614566949,0.0,0.0,0.0,0.0,31.007533603,0.0,0.0,0.0,0.0,0.0,0.0,0.0,0.0,0.0,0.0,26.00687176,5.000661843,79487,0.0,0.0,0.0,49,UTAH
2573,492573,2.0,3.0,1.5,1358.0,13.0,484.0,861.0,1470.74259506,13.0,0.0,2.0,482.0,5.0,716.0,1.0,139.0,0.0,22.71880819,90.02378687,0.0,67950,0.0,0.0,0.0,49,UTAH
2574,492574,472.0,1465.812355,3.10553465042,23.0,0.0,0.0,23.0,152.02868538,0.0,0.0,0.0,0.0,0.0,1.0,0.0,22.0,0.0,0.0,88.02325827,41.00542711,77226,0.0,0.0,0.0,49,UTAH
2575,492575,303.0,971.3741577,3.20585530594,61.0,16.0,1.0,44.0,89.009875034,14.0,2.0,1.0,0.0,0.0,30.0,7.0,7.0,2.006433454,0.0,0.0,26.00344158,66057,0.0,0.0,0.0,49,UTAH
2576,492576,530.0,1936.622532,3.65400477736,0.0,0.0,0.0,0.0,222.05260545,0.0,0.0,0.0,0.0,0.0,0.0,0.0,0.0,0.0,0.0,176.0465165,46.00608895,70255,0.0,0.0,0.0,49,UTAH
2577,492577,284.0,891.738979,3.13992598239,6.0,2.0,0.0,4.0,32.006525937,0.0,2.0,0.0,0.0,0.0,0.0,2.0,2.0,1.003216727,0.0,0.0,25.00330921,77565,0.0,0.0,0.0,49,UTAH
2578,492578,386.0,1576.076449,4.08309960881,0.0,0.0,0.0,0.0,33.00436816,0.0,0.0,0.0,0.0,0.0,0.0,0.0,0.0,0.0,0.0,0.0,33.00436816,58053,0.0,0.0,0.0,49,UTAH
2579,492579,236.0,926.7434532,3.92687903898,17.0,0.0,0.0,17.0,38.005864097,0.0,0.0,0.0,0.0,0.0,17.0,0.0,0.0,1.003216727,0.0,0.0,20.00264737,61937,518.0,0.0,0.0,49,UTAH
2580,492580,732.0,2715.472082,3.70966131421,250.0,23.0,5.0,222.0,313.00833922,23.0,0.0,5.0,0.0,36.0,38.0,131.0,17.0,0.0,0.0,0.0,63.00833922,68378,532.0,0.0,0.0,49,UTAH
2581,492581,199.0,657.2090022,3.3025578,133.0,19.0,7.0,107.0,269.039606614,6.0,13.0,0.0,7.0,18.0,16.0,8.0,65.0,2.006433454,0.0,117.0309229,17.00225026,75258,0.0,0.0,0.0,49,UTAH
2582,492582,478.0,1722.220128,3.60297097908,0.0,0.0,0.0,0.0,42.008643837,0.0,0.0,0.0,0.0,0.0,0.0,0.0,0.0,1.003216727,0.0,0.0,41.00542711,84901,0.0,0.0,0.0,49,UTAH
2583,492583,447.0,1698.592108,3.79998234452,78.0,0.0,3.0,75.0,117.00516237,0.0,0.0,0.0,3.0,9.0,31.0,0.0,35.0,0.0,0.0,0.0,39.00516237,76570,779.0,0.0,0.0,49,UTAH
2584,492584,487.0,1742.347701,3.57771601848,146.0,0.0,0.0,146.0,188.00555948,0.0,0.0,0.0,0.0,38.0,34.0,26.0,48.0,0.0,0.0,0.0,42.00555948,91388,585.0,0.0,0.0,49,UTAH
2585,492585,503.0,1938.372756,3.85362376938,0.0,0.0,0.0,0.0,44.008908577,0.0,0.0,0.0,0.0,0.0,0.0,0.0,0.0,1.003216727,0.0,0.0,43.00569185,89030,0.0,0.0,0.0,49,UTAH
2586,492586,16.0,40.25514527,2.51594657937,0.0,0.0,0.0,0.0,734.247006959,0.0,0.0,0.0,0.0,0.0,0.0,0.0,0.0,18.05790109,0.0,715.1889735,1.000132369,94354,0.0,0.0,0.0,49,UTAH
2587,492587,176.0,523.3168886,2.9733914125,205.0,54.0,5.0,146.0,231.007845247,43.0,11.0,0.0,5.0,5.0,42.0,0.0,99.0,1.003216727,0.0,10.00264299,15.00198553,44331,0.0,0.0,0.0,49,UTAH
2588,492588,244.0,713.2161608,2.92301705246,265.0,131.0,0.0,134.0,288.009213194,113.0,18.0,0.0,0.0,3.0,32.0,0.0,99.0,2.006433454,0.0,0.0,21.00277974,52738,0.0,0.0,0.0,49,UTAH
2589,492589,29.0,98.94302631,3.41182849345,445.0,170.0,2.0,273.0,602.07009565,149.0,21.0,2.0,0.0,8.0,48.0,4.0,213.0,10.03216727,0.0,140.0370018,7.00092658,73210,0.0,0.0,0.0,49,UTAH
2590,492590,221.0,676.461463,3.06091159729,178.0,77.0,2.0,99.0,375.07908447,75.0,2.0,2.0,0.0,31.0,10.0,0.0,58.0,10.03216727,0.0,168.0444022,19.002515,67950,0.0,0.0,0.0,49,UTAH
2591,492591,145.0,448.0572691,3.09005013172,0.0,0.0,0.0,0.0,29.014806851,0.0,0.0,0.0,0.0,0.0,0.0,0.0,0.0,3.009650181,0.0,13.00343588,13.00172079,67950,0.0,0.0,0.0,49,UTAH
2592,492592,0.0,0.0,0.0,2694.0,876.0,3.0,1815.0,2694.0,668.0,208.0,1.0,2.0,253.0,54.0,15.0,1493.0,0.0,0.0,0.0,0.0,45328,0.0,0.0,0.0,49,UTAH
2593,492593,95.0,266.9091154,2.80956963579,480.0,119.0,1.0,360.0,488.001058948,81.0,38.0,0.0,1.0,36.0,12.0,53.0,259.0,0.0,0.0,0.0,8.001058948,45328,0.0,0.0,0.0,49,UTAH
2594,492594,48.0,137.392561,2.86234502083,306.0,118.0,0.0,188.0,310.000529474,52.0,66.0,0.0,0.0,20.0,7.0,1.0,160.0,0.0,0.0,0.0,4.000529474,45328,0.0,0.0,0.0,49,UTAH
2595,492595,300.0,845.3580508,2.81786016933,410.0,107.0,1.0,302.0,452.00767036,71.0,36.0,1.0,0.0,24.0,38.0,59.0,181.0,0.0,0.0,16.00422878,26.00344158,45328,0.0,0.0,0.0,49,UTAH
2596,492596,360.0,979.2501644,2.72013934556,69.0,11.0,0.0,58.0,100.00410342,11.0,0.0,0.0,0.0,4.0,0.0,0.0,54.0,0.0,0.0,0.0,31.00410342,36823,0.0,0.0,0.0,49,UTAH
2597,492597,207.0,581.9493828,2.81134967536,278.0,196.0,2.0,80.0,296.00238263,88.0,108.0,2.0,0.0,2.0,9.0,1.0,68.0,0.0,0.0,0.0,18.00238263,36823,0.0,0.0,0.0,49,UTAH
2598,492598,298.0,794.6015632,2.66644819866,637.0,109.0,10.0,518.0,676.00687746,39.0,70.0,7.0,3.0,54.0,16.0,53.0,395.0,0.0,0.0,13.00343588,26.00344158,45459,0.0,0.0,0.0,49,UTAH
2599,492599,290.0,831.3562611,2.86674572793,38.0,0.0,1.0,37.0,67.004366404,0.0,0.0,0.0,1.0,0.0,22.0,0.0,15.0,0.0,0.0,4.001057194,25.00330921,45459,410.0,0.0,0.0,49,UTAH
2600,492600,293.0,847.1082745,2.89115452048,114.0,18.0,0.0,96.0,139.00330921,18.0,0.0,0.0,0.0,2.0,35.0,6.0,53.0,0.0,0.0,0.0,25.00330921,42880,0.0,1116.0,0.0,49,UTAH
2601,492601,200.0,557.4462509,2.7872312545,171.0,34.0,2.0,135.0,195.00410035,15.0,19.0,0.0,2.0,1.0,34.0,7.0,93.0,0.0,0.0,7.00185009,17.00225026,37254,0.0,0.0,0.0,49,UTAH
2602,492602,236.0,661.5845615,2.80332441314,57.0,0.0,0.0,57.0,77.00264737,0.0,0.0,0.0,0.0,0.0,10.0,13.0,34.0,0.0,0.0,0.0,20.00264737,37254,0.0,0.0,0.0,49,UTAH
2603,492603,297.0,922.3678939,3.10561580438,23.0,1.0,0.0,22.0,56.00529167,0.0,1.0,0.0,0.0,0.0,0.0,11.0,11.0,0.0,0.0,7.00185009,26.00344158,51906,0.0,0.0,0.0,49,UTAH
2604,492604,323.0,971.3741577,3.00735033344,145.0,0.0,3.0,142.0,178.005027813,0.0,0.0,3.0,0.0,6.0,66.0,2.0,68.0,0.0,0.0,5.001321493,28.00370632,44331,0.0,867.0,289.0,49,UTAH
2605,492605,193.0,682.587246,3.53672148187,0.0,0.0,0.0,0.0,23.003836051,0.0,0.0,0.0,0.0,0.0,0.0,0.0,0.0,0.0,0.0,6.001585791,17.00225026,88879,0.0,0.0,0.0,49,UTAH
2606,492606,271.0,923.2430058,3.40680075941,0.0,0.0,0.0,0.0,23.00304448,0.0,0.0,0.0,0.0,0.0,0.0,0.0,0.0,0.0,0.0,0.0,23.00304448,86418,0.0,0.0,0.0,49,UTAH
2607,492607,162.0,493.5630855,3.04668571296,49.0,2.0,0.0,47.0,63.00185316,2.0,0.0,0.0,0.0,14.0,21.0,0.0,12.0,0.0,0.0,0.0,14.00185316,28218,644.0,0.0,0.0,49,UTAH
2608,492608,260.0,764.8477602,2.94172215462,840.0,294.0,6.0,540.0,862.00291211,151.0,143.0,6.0,0.0,38.0,23.0,96.0,383.0,0.0,0.0,0.0,22.00291211,28218,0.0,0.0,0.0,49,UTAH
2609,492609,376.0,1163.023654,3.09314801596,673.0,14.0,34.0,625.0,706.007452517,5.0,9.0,29.0,5.0,211.0,154.0,33.0,227.0,1.003216727,0.0,0.0,32.00423579,52582,0.0,0.0,0.0,49,UTAH
2610,492610,49.0,181.1481537,3.69690109592,288.0,0.0,0.0,288.0,292.000529474,0.0,0.0,0.0,0.0,1.0,275.0,0.0,12.0,0.0,0.0,0.0,4.000529474,52582,0.0,0.0,1275.0,49,UTAH
2611,492611,221.0,693.0885882,3.13614745792,548.0,109.0,15.0,424.0,574.00436509,92.0,17.0,3.0,12.0,53.0,51.0,29.0,291.0,0.0,0.0,7.00185009,19.002515,52582,0.0,0.0,0.0,49,UTAH
2612,492612,325.0,1173.524996,3.61084614154,133.0,1.0,101.0,31.0,173.0068779,1.0,0.0,101.0,0.0,0.0,30.0,0.0,1.0,0.0,0.0,12.00317158,28.00370632,67351,0.0,0.0,0.0,49,UTAH
2613,492613,338.0,1221.656148,3.61436730178,64.0,0.0,0.0,64.0,93.00383869,0.0,0.0,0.0,0.0,2.0,50.0,0.0,12.0,0.0,0.0,0.0,29.00383869,67351,841.0,0.0,0.0,49,UTAH
2614,492614,348.0,1036.132435,2.9773920546,379.0,2.0,1.0,376.0,422.00740694,0.0,2.0,0.0,1.0,26.0,35.0,275.0,40.0,0.0,0.0,13.00343588,30.00397106,48660,0.0,0.0,0.0,49,UTAH
2615,492615,172.0,532.943119,3.09850650581,1282.0,90.0,3.0,1189.0,1299.00251413,9.0,81.0,0.0,3.0,7.0,704.0,24.0,454.0,0.0,0.0,2.000528597,15.00198553,49073,0.0,0.0,0.0,49,UTAH
2616,492616,243.0,842.7327152,3.46803586502,0.0,0.0,0.0,0.0,22.005996467,0.0,0.0,0.0,0.0,0.0,0.0,0.0,0.0,1.003216727,0.0,0.0,21.00277974,80406,0.0,0.0,0.0,49,UTAH
2617,492617,144.0,428.744448,2.977392,675.0,108.0,26.0,541.0,742.017180284,67.0,41.0,26.0,0.0,21.0,60.0,30.0,430.0,0.0,0.0,63.01665081,4.000529474,47915,0.0,0.0,252.0,49,UTAH
2618,492618,284.0,891.738979,3.13992598239,0.0,0.0,0.0,0.0,29.016176118,0.0,0.0,0.0,0.0,0.0,0.0,0.0,0.0,4.012866908,0.0,0.0,25.00330921,80406,0.0,0.0,0.0,49,UTAH
2619,492619,127.0,435.8057032,3.43154097008,0.0,0.0,0.0,0.0,12.004672777,0.0,0.0,0.0,0.0,0.0,0.0,0.0,0.0,1.003216727,0.0,0.0,11.00145605,80406,0.0,0.0,0.0,49,UTAH
2620,492620,192.0,690.4632526,3.59616277396,255.0,5.0,64.0,186.0,345.02154405,5.0,0.0,52.0,12.0,5.0,179.0,0.0,2.0,0.0,0.0,73.01929379,17.00225026,80406,969.0,415.0,415.0,49,UTAH
2621,492621,175.0,658.9592259,3.76548129086,98.0,34.0,2.0,62.0,120.00383562,33.0,1.0,2.0,0.0,0.0,12.0,16.0,34.0,0.0,0.0,7.00185009,15.00198553,80406,0.0,0.0,0.0,49,UTAH
2622,492622,19.0,66.50850089,3.50044741526,27.0,2.0,6.0,19.0,64.018372468,0.0,2.0,0.0,6.0,1.0,4.0,1.0,13.0,3.009650181,0.0,32.00845755,2.000264737,80406,0.0,0.0,0.0,49,UTAH
2623,492623,290.0,878.6123012,3.02969759034,4.0,0.0,0.0,4.0,158.046260991,0.0,0.0,0.0,0.0,1.0,1.0,0.0,2.0,3.009650181,0.0,126.0333016,25.00330921,80406,0.0,0.0,0.0,49,UTAH
2624,492624,178.0,584.5747183,3.2841276309,0.0,0.0,0.0,0.0,15.00198553,0.0,0.0,0.0,0.0,0.0,0.0,0.0,0.0,0.0,0.0,0.0,15.00198553,80406,0.0,0.0,0.0,49,UTAH
2625,492625,158.0,522.4417767,3.30659352342,105.0,43.0,1.0,61.0,141.72066135,39.0,4.0,1.0,0.0,5.0,6.0,0.0,50.0,0.0,22.71880819,0.0,14.00185316,80406,0.0,0.0,0.0,49,UTAH
2626,492626,11.0,33.25425044,3.02311367636,262.0,186.0,16.0,60.0,332.021321396,30.0,156.0,1.0,15.0,29.0,22.0,1.0,8.0,1.003216727,0.0,68.0179723,1.000132369,51349,0.0,0.0,0.0,49,UTAH
2627,492627,358.0,1030.006652,2.87711355307,0.0,0.0,0.0,0.0,101.025556747,0.0,0.0,0.0,0.0,0.0,0.0,0.0,0.0,1.003216727,0.0,69.0182366,31.00410342,51349,0.0,0.0,0.0,49,UTAH
2628,492628,245.0,701.8397067,2.86465186408,1204.0,848.0,67.0,289.0,1359.04705302,136.0,712.0,0.0,67.0,14.0,240.0,1.0,34.0,3.009650181,0.0,131.0346231,21.00277974,51349,0.0,0.0,0.0,49,UTAH
2629,492629,16.0,54.25693494,3.39105843375,0.0,0.0,0.0,0.0,27.083767269,0.0,0.0,0.0,0.0,0.0,0.0,0.0,0.0,26.0836349,0.0,0.0,1.000132369,50375,0.0,0.0,0.0,49,UTAH
2630,492630,8.0,26.25335561,3.28166945125,0.0,0.0,0.0,0.0,9.025866185,0.0,0.0,0.0,0.0,0.0,0.0,0.0,0.0,8.025733816,0.0,0.0,1.000132369,51349,0.0,0.0,0.0,49,UTAH
2631,492631,42.0,138.2676729,3.29208745,0.0,0.0,0.0,0.0,114.032554701,0.0,0.0,0.0,0.0,0.0,0.0,0.0,0.0,1.003216727,0.0,109.0288085,4.000529474,51349,0.0,0.0,0.0,49,UTAH
2632,492632,761.0,2357.551334,3.09796495926,488.0,63.0,5.0,420.0,612.032922921,18.0,45.0,1.0,4.0,71.0,122.0,3.0,224.0,3.009650181,0.0,55.01453642,66.00873632,51349,0.0,0.0,0.0,49,UTAH
2633,492633,298.0,899.6149857,3.01884223389,1019.0,362.0,208.0,449.0,1225.05692013,113.0,249.0,9.0,199.0,12.0,380.0,3.0,54.0,2.006433454,0.0,178.0470451,26.00344158,51349,0.0,0.0,0.0,49,UTAH
2634,492634,2.0,3.0,1.5,45.0,1.0,1.0,43.0,48.009650181,1.0,0.0,0.0,1.0,20.0,9.0,0.0,14.0,3.009650181,0.0,0.0,0.0,51349,0.0,0.0,0.0,49,UTAH
2635,492635,433.0,1164.773877,2.69000895381,1527.0,432.0,46.0,1049.0,1577.00833352,420.0,12.0,42.0,4.0,41.0,881.0,0.0,127.0,0.0,0.0,13.00343588,37.00489764,51349,0.0,0.0,0.0,49,UTAH
2636,492636,206.0,539.9440138,2.62108744563,2716.0,330.0,920.0,1466.0,2764.01621644,191.0,139.0,303.0,617.0,401.0,787.0,2.0,276.0,2.006433454,0.0,28.00740036,18.00238263,51349,0.0,0.0,0.0,49,UTAH
2637,492637,0.0,0.0,0.0,1591.0,224.0,284.0,1083.0,1592.00321673,218.0,6.0,218.0,66.0,727.0,284.0,5.0,67.0,1.003216727,0.0,0.0,0.0,51349,0.0,0.0,0.0,49,UTAH
2638,492638,0.0,0.0,0.0,170.0,0.0,23.0,147.0,170.0,0.0,0.0,11.0,12.0,95.0,20.0,0.0,32.0,0.0,0.0,0.0,0.0,51349,0.0,0.0,0.0,49,UTAH
2639,492639,3.0,5.250671123,1.75022370767,260.0,7.0,112.0,141.0,262.006433454,2.0,5.0,61.0,51.0,60.0,24.0,0.0,57.0,2.006433454,0.0,0.0,0.0,51349,0.0,0.0,0.0,49,UTAH
2640,492640,1.0,7.00089483,7.00089483,903.0,64.0,513.0,326.0,903.0,63.0,1.0,472.0,41.0,33.0,205.0,0.0,88.0,0.0,0.0,0.0,0.0,51349,0.0,0.0,0.0,49,UTAH
2641,492641,3.0,7.00089483,2.33363161,363.0,0.0,304.0,59.0,365.006433454,0.0,0.0,304.0,0.0,2.0,29.0,4.0,24.0,2.006433454,0.0,0.0,0.0,51349,0.0,0.0,0.0,49,UTAH
2642,492642,13.0,42.00536898,3.23118222923,29.0,1.0,9.0,19.0,36.019432731,1.0,0.0,0.0,9.0,2.0,7.0,0.0,10.0,6.019300362,0.0,0.0,1.000132369,51349,0.0,0.0,0.0,49,UTAH
2643,492643,1.0,5.250671123,5.250671123,1061.0,181.0,557.0,323.0,1061.0,158.0,23.0,401.0,156.0,74.0,55.0,3.0,191.0,0.0,0.0,0.0,0.0,51349,0.0,0.0,0.0,49,UTAH
2644,492644,0.0,0.0,0.0,975.0,26.0,574.0,375.0,975.0,25.0,1.0,556.0,18.0,195.0,95.0,2.0,83.0,0.0,0.0,0.0,0.0,51349,0.0,0.0,0.0,49,UTAH
2645,492645,4.0,11.3764541,2.844113525,0.0,0.0,0.0,0.0,9.028950543,0.0,0.0,0.0,0.0,0.0,0.0,0.0,0.0,9.028950543,0.0,0.0,0.0,51349,0.0,0.0,0.0,49,UTAH
2646,492646,12.0,38.50492157,3.20874346417,0.0,0.0,0.0,0.0,8.022649458,0.0,0.0,0.0,0.0,0.0,0.0,0.0,0.0,7.022517089,0.0,0.0,1.000132369,51349,0.0,0.0,0.0,49,UTAH
2647,492647,15.0,41.13025713,2.742017142,0.0,0.0,0.0,0.0,3.006565823,0.0,0.0,0.0,0.0,0.0,0.0,0.0,0.0,2.006433454,0.0,0.0,1.000132369,51349,0.0,0.0,0.0,49,UTAH
2648,492648,1.0,4.375559269,4.375559269,0.0,0.0,0.0,0.0,7.022517089,0.0,0.0,0.0,0.0,0.0,0.0,0.0,0.0,7.022517089,0.0,0.0,0.0,51349,0.0,0.0,0.0,49,UTAH
2649,492649,17.0,42.88048084,2.52238122588,0.0,0.0,0.0,0.0,8.022649458,0.0,0.0,0.0,0.0,0.0,0.0,0.0,0.0,7.022517089,0.0,0.0,1.000132369,51349,0.0,0.0,0.0,49,UTAH
2650,492650,11.0,30.62891488,2.78444680727,0.0,0.0,0.0,0.0,7.019432731,0.0,0.0,0.0,0.0,0.0,0.0,0.0,0.0,6.019300362,0.0,0.0,1.000132369,51349,0.0,0.0,0.0,49,UTAH
2651,492651,15.0,46.38092825,3.09206188333,0.0,0.0,0.0,0.0,6.016216004,0.0,0.0,0.0,0.0,0.0,0.0,0.0,0.0,5.016083635,0.0,0.0,1.000132369,51349,0.0,0.0,0.0,49,UTAH
2652,492652,12.0,28.00357932,2.33363161,0.0,0.0,0.0,0.0,9.025866185,0.0,0.0,0.0,0.0,0.0,0.0,0.0,0.0,8.025733816,0.0,0.0,1.000132369,51349,0.0,0.0,0.0,49,UTAH
2653,492653,23.0,61.25782977,2.66338390304,0.0,0.0,0.0,0.0,7.016348372,0.0,0.0,0.0,0.0,0.0,0.0,0.0,0.0,5.016083635,0.0,0.0,2.000264737,51349,0.0,0.0,0.0,49,UTAH
2654,492654,21.0,58.6324942,2.79202353333,0.0,0.0,0.0,0.0,8.019565099,0.0,0.0,0.0,0.0,0.0,0.0,0.0,0.0,6.019300362,0.0,0.0,2.000264737,51349,0.0,0.0,0.0,49,UTAH
2655,492655,8.0,24.50313191,3.06289148875,0.0,0.0,0.0,0.0,12.035516369,0.0,0.0,0.0,0.0,0.0,0.0,0.0,0.0,11.035384,0.0,0.0,1.000132369,51349,0.0,0.0,0.0,49,UTAH
2656,492656,13.0,40.25514527,3.09654963615,0.0,0.0,0.0,0.0,16.048383269,0.0,0.0,0.0,0.0,0.0,0.0,0.0,0.0,15.0482509,0.0,0.0,1.000132369,51349,0.0,0.0,0.0,49,UTAH
2657,492657,3.0,7.876006684,2.62533556133,0.0,0.0,0.0,0.0,11.035384,0.0,0.0,0.0,0.0,0.0,0.0,0.0,0.0,11.035384,0.0,0.0,0.0,51349,0.0,0.0,0.0,49,UTAH
2658,492658,5.0,9.626230392,1.9252460784,0.0,0.0,0.0,0.0,5.016083635,0.0,0.0,0.0,0.0,0.0,0.0,0.0,0.0,5.016083635,0.0,0.0,0.0,51349,0.0,0.0,0.0,49,UTAH
2659,492659,194.0,591.057084,3.046686,0.0,0.0,0.0,0.0,7.022517089,0.0,0.0,0.0,0.0,0.0,0.0,0.0,0.0,7.022517089,0.0,0.0,0.0,51349,0.0,0.0,0.0,49,UTAH
2660,492660,5.0,10.50134225,2.10026845,0.0,0.0,0.0,0.0,4.012866908,0.0,0.0,0.0,0.0,0.0,0.0,0.0,0.0,4.012866908,0.0,0.0,0.0,51349,0.0,0.0,0.0,49,UTAH
2661,492661,1.0,4.375559269,4.375559269,0.0,0.0,0.0,0.0,11.035384,0.0,0.0,0.0,0.0,0.0,0.0,0.0,0.0,11.035384,0.0,0.0,0.0,51349,0.0,0.0,0.0,49,UTAH
2662,492662,3.0,10.50134225,3.50044741667,0.0,0.0,0.0,0.0,2.006433454,0.0,0.0,0.0,0.0,0.0,0.0,0.0,0.0,2.006433454,0.0,0.0,0.0,51349,0.0,0.0,0.0,49,UTAH
2663,492663,10.0,28.00357932,2.800357932,0.0,0.0,0.0,0.0,2.003349096,0.0,0.0,0.0,0.0,0.0,0.0,0.0,0.0,1.003216727,0.0,0.0,1.000132369,51349,0.0,0.0,0.0,49,UTAH
2664,492664,15.0,32.37913859,2.15860923933,0.0,0.0,0.0,0.0,22.067683639,0.0,0.0,0.0,0.0,0.0,0.0,0.0,0.0,21.06755127,0.0,0.0,1.000132369,51914,0.0,0.0,0.0,49,UTAH
2665,492665,16.0,52.50671123,3.28166945188,0.0,0.0,0.0,0.0,8.022649458,0.0,0.0,0.0,0.0,0.0,0.0,0.0,0.0,7.022517089,0.0,0.0,1.000132369,49221,0.0,0.0,0.0,49,UTAH
2666,492666,35.0,104.1383106,2.97538030286,0.0,0.0,0.0,0.0,25.071165096,0.0,0.0,0.0,0.0,0.0,0.0,0.0,0.0,22.07076799,0.0,0.0,3.000397106,49221,0.0,0.0,0.0,49,UTAH
2667,492667,36.0,108.5138699,3.01427416389,0.0,0.0,0.0,0.0,24.067948376,0.0,0.0,0.0,0.0,0.0,0.0,0.0,0.0,21.06755127,0.0,0.0,3.000397106,51349,0.0,0.0,0.0,49,UTAH
2668,492668,13.0,46.38092825,3.56776371154,0.0,0.0,0.0,0.0,7.019432731,0.0,0.0,0.0,0.0,0.0,0.0,0.0,0.0,6.019300362,0.0,0.0,1.000132369,49221,0.0,0.0,0.0,49,UTAH
2669,492669,36.0,119.890324,3.33028677778,0.0,0.0,0.0,0.0,23.064731646,0.0,0.0,0.0,0.0,0.0,0.0,0.0,0.0,20.06433454,0.0,0.0,3.000397106,49221,0.0,0.0,0.0,49,UTAH
2670,492670,38.0,126.0161069,3.31621333947,0.0,0.0,0.0,0.0,23.064731646,0.0,0.0,0.0,0.0,0.0,0.0,0.0,0.0,20.06433454,0.0,0.0,3.000397106,49221,0.0,0.0,0.0,49,UTAH
2671,492671,87.0,238.9055361,2.74604064483,76.0,0.0,1.0,75.0,108.078260398,0.0,0.0,0.0,1.0,3.0,14.0,43.0,15.0,24.07720145,0.0,0.0,8.001058948,51349,0.0,0.0,5.0,49,UTAH
2672,492672,9.0,21.87779634,2.43086626,0.0,0.0,0.0,0.0,2.003349096,0.0,0.0,0.0,0.0,0.0,0.0,0.0,0.0,1.003216727,0.0,0.0,1.000132369,49221,0.0,0.0,0.0,49,UTAH
2673,492673,27.0,85.76096167,3.1763319137,0.0,0.0,0.0,0.0,18.051732367,0.0,0.0,0.0,0.0,0.0,0.0,0.0,0.0,16.05146763,0.0,0.0,2.000264737,49221,0.0,0.0,0.0,49,UTAH
2674,492674,66.0,192.5246078,2.91703951212,105.0,0.0,28.0,77.0,132.068345481,0.0,0.0,27.0,1.0,2.0,65.0,0.0,10.0,21.06755127,0.0,0.0,6.000794211,49221,0.0,0.0,0.0,49,UTAH
2675,492675,24.0,66.50850089,2.77118753708,0.0,0.0,0.0,0.0,59.476481847,0.0,0.0,0.0,0.0,0.0,0.0,0.0,0.0,12.03860072,45.43761639,0.0,2.000264737,65957,0.0,0.0,0.0,49,UTAH
2676,492676,8.0,24.50313191,3.06289148875,0.0,0.0,0.0,0.0,1.000132369,0.0,0.0,0.0,0.0,0.0,0.0,0.0,0.0,0.0,0.0,0.0,1.000132369,65957,0.0,0.0,0.0,49,UTAH
2677,492677,25.0,65.63338903,2.6253355612,0.0,0.0,0.0,0.0,12.032432007,0.0,0.0,0.0,0.0,0.0,0.0,0.0,0.0,10.03216727,0.0,0.0,2.000264737,65957,0.0,0.0,0.0,49,UTAH
2678,492678,64.0,188.1490486,2.93982888438,4.0,0.0,0.0,4.0,21.036178211,0.0,0.0,0.0,0.0,0.0,1.0,0.0,3.0,11.035384,0.0,0.0,6.000794211,65957,0.0,0.0,0.0,49,UTAH
2679,492679,55.0,155.76991,2.83218018182,0.0,0.0,0.0,0.0,28.074646563,0.0,0.0,0.0,0.0,0.0,0.0,0.0,0.0,23.07398472,0.0,0.0,5.000661843,51349,0.0,0.0,0.0,49,UTAH
2680,492680,18.0,37.62980971,2.09054498389,0.0,0.0,0.0,0.0,9.022781826,0.0,0.0,0.0,0.0,0.0,0.0,0.0,0.0,7.022517089,0.0,0.0,2.000264737,51349,0.0,0.0,0.0,49,UTAH
2681,492681,6.0,14.00178966,2.33363161,0.0,0.0,0.0,0.0,8.022649458,0.0,0.0,0.0,0.0,0.0,0.0,0.0,0.0,7.022517089,0.0,0.0,1.000132369,51349,0.0,0.0,0.0,49,UTAH
2682,492682,8.0,22.7529082,2.844113525,0.0,0.0,0.0,0.0,10.029082912,0.0,0.0,0.0,0.0,0.0,0.0,0.0,0.0,9.028950543,0.0,0.0,1.000132369,51349,0.0,0.0,0.0,49,UTAH
2683,492683,57.0,173.2721471,3.03986222982,6.0,0.0,0.0,6.0,29.058562933,0.0,0.0,0.0,0.0,1.0,1.0,0.0,4.0,18.05790109,0.0,0.0,5.000661843,65957,0.0,0.0,0.0,49,UTAH
2684,492684,3.0,5.250671123,1.75022370767,1.0,0.0,1.0,0.0,194.074629016,0.0,0.0,0.0,1.0,0.0,0.0,0.0,0.0,8.025733816,0.0,185.0488952,0.0,65957,0.0,0.0,0.0,49,UTAH
2685,492685,143.0,431.4301439,3.01699401329,0.0,0.0,0.0,0.0,21.030538963,0.0,0.0,0.0,0.0,0.0,0.0,0.0,0.0,9.028950543,0.0,0.0,12.00158842,65957,0.0,0.0,0.0,49,UTAH
2686,492686,87.0,278.2855695,3.1986847069,4.0,3.0,0.0,1.0,464.132331656,0.0,3.0,0.0,0.0,0.0,0.0,1.0,0.0,4.012866908,0.0,448.1184058,8.001058948,65957,0.0,0.0,0.0,49,UTAH
2687,492687,13.0,44.63070454,3.43313111846,0.0,0.0,0.0,0.0,3.006565823,0.0,0.0,0.0,0.0,0.0,0.0,0.0,0.0,2.006433454,0.0,0.0,1.000132369,65957,0.0,0.0,0.0,49,UTAH
2688,492688,5.0,14.00178966,2.800357932,0.0,0.0,0.0,0.0,9.028950543,0.0,0.0,0.0,0.0,0.0,0.0,0.0,0.0,9.028950543,0.0,0.0,0.0,65957,0.0,0.0,0.0,49,UTAH
2689,492689,3.0,7.00089483,2.33363161,0.0,0.0,0.0,0.0,4.012866908,0.0,0.0,0.0,0.0,0.0,0.0,0.0,0.0,4.012866908,0.0,0.0,0.0,65957,0.0,0.0,0.0,49,UTAH
2690,492690,1.0,4.375559269,4.375559269,0.0,0.0,0.0,0.0,52.01374352,0.0,0.0,0.0,0.0,0.0,0.0,0.0,0.0,0.0,0.0,52.01374352,0.0,65957,0.0,0.0,0.0,49,UTAH
2691,492691,0.0,0.0,0.0,44.0,6.0,0.0,38.0,44.0,6.0,0.0,0.0,0.0,0.0,24.0,1.0,13.0,0.0,0.0,0.0,0.0,65957,0.0,0.0,0.0,49,UTAH
2692,492692,66.0,216.1526279,3.27503981667,3.0,0.0,0.0,3.0,25.052261841,0.0,0.0,0.0,0.0,0.0,0.0,0.0,3.0,16.05146763,0.0,0.0,6.000794211,65706,0.0,0.0,0.0,49,UTAH
2693,492693,21.0,70.88406016,3.37543143619,0.0,0.0,0.0,0.0,10.025998553,0.0,0.0,0.0,0.0,0.0,0.0,0.0,0.0,8.025733816,0.0,0.0,2.000264737,65957,0.0,0.0,0.0,49,UTAH
2694,492694,2.0,6.125782977,3.0628914885,0.0,0.0,0.0,0.0,0.0,0.0,0.0,0.0,0.0,0.0,0.0,0.0,0.0,0.0,0.0,0.0,0.0,65957,0.0,0.0,0.0,49,UTAH
2695,492695,5.0,12.25156595,2.45031319,2.0,0.0,0.0,2.0,7.016083635,0.0,0.0,0.0,0.0,2.0,0.0,0.0,0.0,5.016083635,0.0,0.0,0.0,65957,0.0,0.0,0.0,49,UTAH
2696,492696,13.0,45.5058164,3.50044741538,0.0,0.0,0.0,0.0,15.045166549,0.0,0.0,0.0,0.0,0.0,0.0,0.0,0.0,14.04503418,0.0,0.0,1.000132369,65957,0.0,0.0,0.0,49,UTAH
2697,492697,8.0,21.87779634,2.7347245425,0.0,0.0,0.0,0.0,2.003349096,0.0,0.0,0.0,0.0,0.0,0.0,0.0,0.0,1.003216727,0.0,0.0,1.000132369,65957,0.0,0.0,0.0,49,UTAH
2698,492698,27.0,91.01163279,3.37080121444,0.0,0.0,0.0,0.0,15.042082187,0.0,0.0,0.0,0.0,0.0,0.0,0.0,0.0,13.04181745,0.0,0.0,2.000264737,65957,0.0,0.0,0.0,49,UTAH
2699,492699,34.0,96.26230392,2.83124423294,0.0,0.0,0.0,0.0,6.010047287,0.0,0.0,0.0,0.0,0.0,0.0,0.0,0.0,3.009650181,0.0,0.0,3.000397106,65957,0.0,0.0,0.0,49,UTAH
2700,492700,14.0,42.88048084,3.06289148857,0.0,0.0,0.0,0.0,4.00978255,0.0,0.0,0.0,0.0,0.0,0.0,0.0,0.0,3.009650181,0.0,0.0,1.000132369,65957,0.0,0.0,0.0,49,UTAH
2701,492701,12.0,50.75648752,4.22970729333,649.0,45.0,13.0,591.0,654.012999277,39.0,6.0,10.0,3.0,32.0,83.0,285.0,191.0,4.012866908,0.0,0.0,1.000132369,65957,0.0,0.0,0.0,49,UTAH
2702,492702,56.0,170.6468115,3.04726449107,0.0,0.0,0.0,0.0,15.032829113,0.0,0.0,0.0,0.0,0.0,0.0,0.0,0.0,10.03216727,0.0,0.0,5.000661843,44575,0.0,0.0,0.0,49,UTAH
2703,492703,15.0,47.2560401,3.15040267333,0.0,0.0,0.0,0.0,11.032299639,0.0,0.0,0.0,0.0,0.0,0.0,0.0,0.0,10.03216727,0.0,0.0,1.000132369,44575,0.0,0.0,0.0,49,UTAH
2704,492704,18.0,52.50671123,2.91703951278,0.0,0.0,0.0,0.0,10.025998553,0.0,0.0,0.0,0.0,0.0,0.0,0.0,0.0,8.025733816,0.0,0.0,2.000264737,44575,0.0,0.0,0.0,49,UTAH
2705,492705,9.0,49.00626381,5.44514042333,0.0,0.0,0.0,0.0,1.000132369,0.0,0.0,0.0,0.0,0.0,0.0,0.0,0.0,0.0,0.0,0.0,1.000132369,44575,0.0,0.0,0.0,49,UTAH
2706,492706,113.0,382.4238801,3.38428212478,289.0,89.0,28.0,172.0,303.014190598,85.0,4.0,1.0,27.0,22.0,52.0,40.0,58.0,4.012866908,0.0,0.0,10.00132369,44575,0.0,0.0,0.0,49,UTAH
2707,492707,17.0,41.13025713,2.41942689,5.0,0.0,4.0,1.0,11.016216004,0.0,0.0,0.0,4.0,0.0,0.0,0.0,1.0,5.016083635,0.0,0.0,1.000132369,44575,0.0,0.0,0.0,49,UTAH
2708,492708,40.0,118.1401003,2.9535025075,132.0,8.0,51.0,73.0,136.003613833,8.0,0.0,48.0,3.0,31.0,26.0,0.0,16.0,1.003216727,0.0,0.0,3.000397106,44575,0.0,0.0,0.0,49,UTAH
2709,492709,49.0,168.0214759,3.42900971224,0.0,0.0,0.0,0.0,59.470313134,0.0,0.0,0.0,0.0,0.0,0.0,0.0,0.0,10.03216727,45.43761639,0.0,4.000529474,45243,0.0,0.0,0.0,49,UTAH
2710,492710,27.0,70.88406016,2.62533556148,0.0,0.0,0.0,0.0,9.022781826,0.0,0.0,0.0,0.0,0.0,0.0,0.0,0.0,7.022517089,0.0,0.0,2.000264737,44575,0.0,0.0,0.0,49,UTAH
2711,492711,23.0,71.75917201,3.11996400043,16.0,0.0,0.0,16.0,26.020093696,0.0,0.0,0.0,0.0,6.0,2.0,0.0,8.0,6.019300362,0.0,2.000528597,2.000264737,44575,0.0,0.0,0.0,49,UTAH
2712,492712,9.0,20.12757264,2.23639696,57.0,12.0,34.0,11.0,63.016216004,11.0,1.0,29.0,5.0,1.0,7.0,0.0,3.0,5.016083635,0.0,0.0,1.000132369,44575,0.0,0.0,0.0,49,UTAH
2713,492713,0.0,0.0,0.0,1055.0,0.0,844.0,211.0,1056.00321673,0.0,0.0,844.0,0.0,11.0,149.0,0.0,51.0,1.003216727,0.0,0.0,0.0,44575,0.0,0.0,0.0,49,UTAH
2714,492714,3.0,13.12667781,4.37555927,1096.0,593.0,76.0,427.0,1097.00321673,539.0,54.0,52.0,24.0,242.0,151.0,6.0,28.0,1.003216727,0.0,0.0,0.0,44575,0.0,0.0,0.0,49,UTAH
2715,492715,19.0,52.50671123,2.76351111737,0.0,0.0,0.0,0.0,3.003481464,0.0,0.0,0.0,0.0,0.0,0.0,0.0,0.0,1.003216727,0.0,0.0,2.000264737,44575,0.0,0.0,0.0,49,UTAH
2716,492716,261.0,724.5926149,2.77621691533,324.0,49.0,16.0,259.0,350.012694661,14.0,35.0,13.0,3.0,53.0,71.0,43.0,92.0,3.009650181,0.0,0.0,23.00304448,44575,0.0,0.0,0.0,49,UTAH
2717,492717,20.0,73.50939572,3.675469786,0.0,0.0,0.0,0.0,17.048515637,0.0,0.0,0.0,0.0,0.0,0.0,0.0,0.0,15.0482509,0.0,0.0,2.000264737,44575,0.0,0.0,0.0,49,UTAH
2718,492718,155.0,464.6843944,2.99796383484,10.0,3.0,2.0,5.0,24.004937517,1.0,2.0,2.0,0.0,0.0,3.0,0.0,2.0,1.003216727,0.0,0.0,13.00172079,44575,0.0,0.0,0.0,49,UTAH
2719,492719,10.0,26.25335561,2.625335561,2.0,0.0,0.0,2.0,21.010794603,0.0,0.0,0.0,0.0,0.0,0.0,0.0,2.0,2.006433454,0.0,16.00422878,1.000132369,44575,0.0,0.0,0.0,49,UTAH
2720,492720,12.0,41.13025713,3.4275214275,44.0,4.0,0.0,40.0,79.757541279,0.0,4.0,0.0,0.0,6.0,32.0,0.0,2.0,12.03860072,22.71880819,0.0,1.000132369,45912,0.0,0.0,0.0,49,UTAH
2721,492721,12.0,33.25425044,2.77118753667,48.0,0.0,12.0,36.0,52.00978255,0.0,0.0,0.0,12.0,1.0,27.0,0.0,8.0,3.009650181,0.0,0.0,1.000132369,44575,0.0,0.0,0.0,49,UTAH
2722,492722,64.0,186.3988249,2.91248163906,742.0,16.0,145.0,581.0,813.023878475,14.0,2.0,6.0,139.0,32.0,266.0,0.0,283.0,2.006433454,0.0,63.01665081,6.000794211,44575,0.0,0.0,0.0,49,UTAH
2723,492723,22.0,72.63428387,3.30155835773,229.0,21.0,69.0,139.0,418.073307953,2.0,19.0,1.0,68.0,21.0,40.0,4.0,74.0,8.025733816,0.0,179.0473094,2.000264737,80406,0.0,0.0,0.0,49,UTAH
2724,492724,158.0,473.4355129,2.99642729684,179.0,5.0,140.0,34.0,303.048640522,1.0,4.0,0.0,140.0,2.0,28.0,0.0,4.0,6.019300362,0.0,104.027487,14.00185316,80406,0.0,0.0,0.0,49,UTAH
2725,492725,144.0,442.1916546,3.07077537917,0.0,0.0,0.0,0.0,54.00925878,0.0,0.0,0.0,0.0,0.0,0.0,0.0,0.0,0.0,0.0,16.00422878,38.00503,80406,0.0,0.0,0.0,49,UTAH
2726,492726,134.0,420.9288017,3.14125971418,36.0,0.0,22.0,14.0,69.00713869,0.0,0.0,22.0,0.0,1.0,5.0,0.0,8.0,0.0,0.0,21.00555027,12.00158842,80406,0.0,0.0,0.0,49,UTAH
2727,492727,33.0,108.5138699,3.28829908788,2.0,0.0,1.0,1.0,80.052696216,0.0,0.0,0.0,1.0,0.0,0.0,0.0,1.0,11.035384,0.0,64.01691511,3.000397106,80406,0.0,0.0,0.0,49,UTAH
2728,492728,11.0,33.25425044,3.02311367636,0.0,0.0,0.0,0.0,16.015906557,0.0,0.0,0.0,0.0,0.0,0.0,0.0,0.0,4.012866908,0.0,11.00290728,1.000132369,80406,0.0,0.0,0.0,49,UTAH
2729,492729,87.0,292.8686378,3.36630618161,0.0,0.0,0.0,0.0,102.028327717,0.0,0.0,0.0,0.0,0.0,0.0,0.0,0.0,1.003216727,0.0,89.02352257,12.00158842,80406,0.0,0.0,0.0,49,UTAH
2730,492730,409.0,1257.535734,3.07465949633,375.0,293.0,2.0,80.0,451.024326431,285.0,8.0,2.0,0.0,10.0,17.0,0.0,53.0,3.009650181,0.0,38.01004335,35.0046329,80406,0.0,0.0,0.0,49,UTAH
2731,492731,206.0,659.2337708,3.20016393592,0.0,0.0,0.0,0.0,98.02247108,0.0,0.0,0.0,0.0,0.0,0.0,0.0,0.0,0.0,0.0,72.0190295,26.00344158,80406,0.0,0.0,0.0,49,UTAH
2732,492732,280.0,932.8692361,3.33167584321,382.0,81.0,69.0,232.0,468.022515777,61.0,20.0,69.0,0.0,86.0,77.0,18.0,51.0,1.003216727,0.0,61.01612221,24.00317684,80406,0.0,1069.0,0.0,49,UTAH
2733,492733,27.0,86.63607353,3.20874346407,0.0,0.0,0.0,0.0,102.035551878,0.0,0.0,0.0,0.0,0.0,0.0,0.0,0.0,3.009650181,0.0,97.02563696,2.000264737,80406,0.0,0.0,0.0,49,UTAH
2734,492734,170.0,529.4426715,3.11436865588,2.0,0.0,0.0,2.0,171.045639957,0.0,0.0,0.0,0.0,0.0,1.0,0.0,1.0,1.003216727,0.0,153.0404377,15.00198553,80406,0.0,0.0,0.0,49,UTAH
2735,492735,212.0,653.7085548,3.08353091887,371.0,10.0,150.0,211.0,407.00714,10.0,0.0,150.0,0.0,25.0,134.0,15.0,37.0,0.0,0.0,18.00475737,18.00238263,56831,0.0,0.0,1239.0,49,UTAH
2736,492736,202.0,665.0850089,3.29250004406,39.0,24.0,0.0,15.0,125.029344141,24.0,0.0,0.0,0.0,1.0,6.0,0.0,8.0,3.009650181,0.0,66.0174437,17.00225026,54954,0.0,0.0,0.0,49,UTAH
2737,492737,164.0,505.8146515,3.08423567988,131.0,5.0,7.0,119.0,159.011458194,1.0,4.0,7.0,0.0,58.0,31.0,17.0,13.0,2.006433454,0.0,12.00317158,14.00185316,64845,0.0,0.0,0.0,49,UTAH
2738,492738,83.0,241.5308716,2.9100105012,220.0,160.0,0.0,60.0,228.004143307,156.0,4.0,0.0,0.0,17.0,12.0,0.0,31.0,1.003216727,0.0,0.0,7.00092658,67950,0.0,0.0,0.0,49,UTAH
2739,492739,442.0,1371.300275,3.10248930995,105.0,20.0,9.0,76.0,154.00793728,16.0,4.0,5.0,4.0,23.0,9.0,9.0,35.0,0.0,0.0,11.00290728,38.00503,67950,0.0,0.0,0.0,49,UTAH
2740,492740,141.0,471.0353099,3.34067595674,0.0,0.0,0.0,0.0,73.019475697,0.0,0.0,0.0,0.0,0.0,0.0,0.0,0.0,1.003216727,0.0,51.01347923,21.00277974,68094,0.0,0.0,0.0,49,UTAH
2741,492741,6.0,15.75201337,2.62533556167,0.0,0.0,0.0,0.0,232.087757212,0.0,0.0,0.0,0.0,0.0,0.0,0.0,0.0,9.028950543,0.0,222.0586743,1.000132369,67950,0.0,0.0,0.0,49,UTAH
2742,492742,4.0,9.626230392,2.406557598,0.0,0.0,0.0,0.0,378.1441913,0.0,0.0,0.0,0.0,0.0,0.0,0.0,0.0,15.0482509,0.0,363.0959404,0.0,67950,0.0,0.0,0.0,49,UTAH
2743,492743,131.0,426.1794728,3.25327841832,241.0,56.0,43.0,142.0,252.00145605,35.0,21.0,41.0,2.0,58.0,10.0,16.0,58.0,0.0,0.0,0.0,11.00145605,54578,0.0,0.0,0.0,49,UTAH
2744,492744,395.0,1303.916662,3.30105484051,0.0,0.0,0.0,0.0,57.0105794,0.0,0.0,0.0,0.0,0.0,0.0,0.0,0.0,0.0,0.0,23.00607887,34.00450053,54578,0.0,0.0,0.0,49,UTAH
2745,492745,180.0,581.9493828,3.23305212667,0.0,0.0,0.0,0.0,120.041414708,0.0,0.0,0.0,0.0,0.0,0.0,0.0,0.0,4.012866908,0.0,100.0264299,16.0021179,70487,0.0,0.0,0.0,49,UTAH
2746,492746,99.0,304.5389251,3.07615075859,0.0,0.0,0.0,0.0,80.034718652,0.0,0.0,0.0,0.0,0.0,0.0,0.0,0.0,5.016083635,0.0,66.0174437,9.001191317,67950,0.0,0.0,0.0,49,UTAH
2747,492747,161.0,558.3213627,3.46783455093,0.0,0.0,0.0,0.0,537.145986114,0.0,0.0,0.0,0.0,0.0,0.0,0.0,0.0,2.006433454,0.0,521.1376995,14.00185316,70487,0.0,0.0,0.0,49,UTAH
2748,492748,300.0,1137.64541,3.79215136667,68.0,0.0,2.0,66.0,313.06132298,0.0,0.0,0.0,2.0,3.0,44.0,0.0,19.0,0.0,0.0,219.0578814,26.00344158,70487,780.0,0.0,0.0,49,UTAH
2749,492749,219.0,646.5284202,2.95218456712,24.0,1.0,0.0,23.0,67.00846238,1.0,0.0,0.0,0.0,0.0,8.0,14.0,1.0,0.0,0.0,21.00555027,22.00291211,54578,0.0,0.0,0.0,49,UTAH
2750,492750,162.0,499.6888685,3.08449918827,267.0,47.0,17.0,203.0,281.00185316,47.0,0.0,16.0,1.0,10.0,149.0,13.0,31.0,0.0,0.0,0.0,14.00185316,56831,495.0,0.0,0.0,49,UTAH
2751,492751,233.0,712.3632037,3.05735280558,0.0,0.0,0.0,0.0,29.005026057,0.0,0.0,0.0,0.0,0.0,0.0,0.0,0.0,0.0,0.0,9.002378687,20.00264737,56831,0.0,0.0,0.0,49,UTAH
2752,492752,361.0,1166.524101,3.23136870083,346.0,42.0,23.0,281.0,500.048421828,38.0,4.0,23.0,0.0,159.0,74.0,35.0,13.0,4.012866908,0.0,119.0314515,31.00410342,68142,0.0,0.0,0.0,49,UTAH
2753,492753,248.0,805.9780173,3.24991136008,242.0,164.0,4.0,74.0,265.009213194,148.0,16.0,1.0,3.0,8.0,31.0,2.0,33.0,2.006433454,0.0,0.0,21.00277974,68142,0.0,0.0,0.0,49,UTAH
2754,492754,362.0,1250.534839,3.45451612983,20.0,0.0,2.0,18.0,51.00410342,0.0,0.0,2.0,0.0,8.0,5.0,5.0,0.0,0.0,0.0,0.0,31.00410342,75209,0.0,0.0,0.0,49,UTAH
2755,492755,128.0,427.9296965,3.34320075391,64.0,1.0,0.0,63.0,78.011106231,1.0,0.0,0.0,0.0,0.0,61.0,0.0,2.0,3.009650181,0.0,0.0,11.00145605,75209,506.0,0.0,0.0,49,UTAH
2756,492756,216.0,679.9619104,3.14797180741,129.0,6.0,0.0,123.0,174.018244051,5.0,1.0,0.0,0.0,19.0,102.0,1.0,1.0,3.009650181,0.0,23.00607887,19.002515,68142,318.0,136.0,45.0,49,UTAH
2757,492757,271.0,872.5525644,3.21975116015,0.0,0.0,0.0,0.0,496.845768834,0.0,0.0,0.0,0.0,0.0,0.0,0.0,0.0,2.006433454,22.71880819,440.1162914,32.00423579,93772,0.0,0.0,0.0,49,UTAH
2758,492758,154.0,500.5639804,3.25041545714,0.0,0.0,0.0,0.0,13.00172079,0.0,0.0,0.0,0.0,0.0,0.0,0.0,0.0,0.0,0.0,0.0,13.00172079,71691,0.0,0.0,0.0,49,UTAH
2759,492759,113.0,406.927012,3.601124,0.0,0.0,0.0,0.0,10.00132369,0.0,0.0,0.0,0.0,0.0,0.0,0.0,0.0,0.0,0.0,0.0,10.00132369,93772,0.0,0.0,0.0,49,UTAH
2760,492760,201.0,717.5917201,3.5701080602,0.0,0.0,0.0,0.0,77.01810817,0.0,0.0,0.0,0.0,0.0,0.0,0.0,0.0,0.0,0.0,60.01585791,17.00225026,93772,0.0,0.0,0.0,49,UTAH
2761,492761,356.0,1071.302938,3.00927791573,0.0,0.0,0.0,0.0,310.084984891,0.0,0.0,0.0,0.0,0.0,0.0,0.0,0.0,3.009650181,0.0,263.0695105,44.00582421,93772,0.0,0.0,0.0,49,UTAH
2762,492762,7.0,21.87779634,3.12539947714,0.0,0.0,0.0,0.0,5.012999277,0.0,0.0,0.0,0.0,0.0,0.0,0.0,0.0,4.012866908,0.0,0.0,1.000132369,77502,0.0,0.0,0.0,49,UTAH
2763,492763,26.0,104.1383106,4.00531963846,0.0,0.0,0.0,0.0,2.000264737,0.0,0.0,0.0,0.0,0.0,0.0,0.0,0.0,0.0,0.0,0.0,2.000264737,77502,0.0,0.0,0.0,49,UTAH
2764,492764,164.0,594.2009487,3.62317651646,0.0,0.0,0.0,0.0,82.01982546,0.0,0.0,0.0,0.0,0.0,0.0,0.0,0.0,0.0,0.0,68.0179723,14.00185316,71691,0.0,0.0,0.0,49,UTAH
2765,492765,170.0,551.4972582,3.24410151882,0.0,0.0,0.0,0.0,23.004891497,0.0,0.0,0.0,0.0,0.0,0.0,0.0,0.0,0.0,0.0,14.00370018,9.001191317,71691,0.0,0.0,0.0,49,UTAH
2766,492766,57.0,203.9010619,3.57721161228,48.0,0.0,0.0,48.0,70.00810735,0.0,0.0,0.0,0.0,0.0,40.0,6.0,2.0,1.003216727,0.0,16.00422878,5.000661843,77502,0.0,0.0,0.0,49,UTAH
2767,492767,264.0,973.9994933,3.68939202008,34.0,0.0,0.0,34.0,79.00885905,0.0,0.0,0.0,0.0,1.0,4.0,18.0,11.0,0.0,0.0,22.00581457,23.00304448,71691,0.0,0.0,0.0,49,UTAH
2768,492768,378.0,1366.049604,3.61388784127,34.0,0.0,0.0,34.0,72.005689653,0.0,0.0,0.0,0.0,0.0,30.0,3.0,1.0,0.0,0.0,5.001321493,33.00436816,77502,0.0,0.0,0.0,49,UTAH
2769,492769,190.0,669.4605682,3.52347667474,0.0,0.0,0.0,0.0,70.01639002,0.0,0.0,0.0,0.0,0.0,0.0,0.0,0.0,0.0,0.0,54.01427212,16.0021179,88195,0.0,0.0,0.0,49,UTAH
2770,492770,343.0,1154.272535,3.36522604956,0.0,0.0,0.0,0.0,39.009302175,0.0,0.0,0.0,0.0,0.0,0.0,0.0,0.0,1.003216727,0.0,8.002114388,30.00397106,93772,0.0,0.0,0.0,49,UTAH
2771,492771,59.0,183.7734893,3.11480490339,0.0,0.0,0.0,0.0,128.03612297,0.0,0.0,0.0,0.0,0.0,0.0,0.0,0.0,1.003216727,0.0,122.0322444,5.000661843,54954,0.0,0.0,0.0,49,UTAH
2772,492772,171.0,554.8209153,3.24456675614,120.0,0.0,78.0,42.0,138.011635711,0.0,0.0,57.0,21.0,0.0,19.0,1.0,22.0,3.009650181,0.0,0.0,15.00198553,54954,0.0,0.0,0.0,49,UTAH
2773,492773,25.0,91.01163279,3.6404653116,0.0,0.0,0.0,0.0,51.013215367,0.0,0.0,0.0,0.0,0.0,0.0,0.0,0.0,0.0,0.0,49.01295063,2.000264737,54954,0.0,0.0,0.0,49,UTAH
2774,492774,1.0,7.00089483,7.00089483,967.0,688.0,38.0,241.0,968.003216727,557.0,131.0,15.0,23.0,7.0,193.0,2.0,39.0,1.003216727,0.0,0.0,0.0,54954,0.0,0.0,0.0,49,UTAH
2775,492775,182.0,535.5684545,2.94268381593,205.0,134.0,9.0,62.0,229.004232288,130.0,4.0,5.0,4.0,1.0,43.0,0.0,18.0,0.0,0.0,8.002114388,16.0021179,54954,510.0,0.0,0.0,49,UTAH
2776,492776,102.0,317.6656029,3.11436865588,0.0,0.0,0.0,0.0,9.001191317,0.0,0.0,0.0,0.0,0.0,0.0,0.0,0.0,0.0,0.0,0.0,9.001191317,54954,0.0,0.0,0.0,49,UTAH
2777,492777,204.0,617.8289688,3.02857337647,28.0,0.0,0.0,28.0,94.023926241,0.0,0.0,0.0,0.0,2.0,3.0,22.0,1.0,3.009650181,0.0,45.01189343,18.00238263,54954,0.0,0.0,0.0,49,UTAH
2778,492778,198.0,588.0751658,2.97007659495,224.0,115.0,9.0,100.0,244.003043156,93.0,22.0,0.0,9.0,6.0,10.0,0.0,84.0,0.0,0.0,3.000792896,17.00225026,52096,0.0,0.0,0.0,49,UTAH
2779,492779,240.0,744.7201876,3.10300078167,199.0,52.0,1.0,146.0,220.00277974,5.0,47.0,0.0,1.0,19.0,59.0,24.0,44.0,0.0,0.0,0.0,21.00277974,52366,0.0,0.0,0.0,49,UTAH
2780,492780,210.0,632.7058703,3.01288509667,841.0,330.0,24.0,487.0,863.003439824,269.0,61.0,19.0,5.0,6.0,237.0,7.0,237.0,0.0,0.0,4.001057194,18.00238263,38248,0.0,0.0,0.0,49,UTAH
2781,492781,152.0,459.4337232,3.02259028421,32.0,1.0,2.0,29.0,50.003042283,0.0,1.0,1.0,1.0,7.0,5.0,8.0,9.0,0.0,0.0,5.001321493,13.00172079,54904,0.0,0.0,0.0,49,UTAH
2782,492782,146.0,476.0608485,3.26069074315,1112.0,110.0,9.0,993.0,1127.00815424,60.0,50.0,7.0,2.0,41.0,103.0,827.0,22.0,2.006433454,0.0,0.0,13.00172079,59801,0.0,0.0,0.0,49,UTAH
2783,492783,347.0,1186.651674,3.41974545821,76.0,1.0,26.0,49.0,106.00397106,0.0,1.0,0.0,26.0,1.0,5.0,40.0,3.0,0.0,0.0,0.0,30.00397106,57948,0.0,0.0,0.0,49,UTAH
2784,492784,157.0,490.0626381,3.12141807707,0.0,0.0,0.0,0.0,32.018420248,0.0,0.0,0.0,0.0,0.0,0.0,0.0,0.0,4.012866908,0.0,14.00370018,14.00185316,68142,0.0,0.0,0.0,49,UTAH
2785,492785,303.0,1023.005757,3.37625662376,0.0,0.0,0.0,0.0,33.025958669,0.0,0.0,0.0,0.0,0.0,0.0,0.0,0.0,7.022517089,0.0,0.0,26.00344158,68142,0.0,0.0,0.0,49,UTAH
2786,492786,168.0,563.5720338,3.35459543929,0.0,0.0,0.0,0.0,17.008418984,0.0,0.0,0.0,0.0,0.0,0.0,0.0,0.0,2.006433454,0.0,0.0,15.00198553,54904,0.0,0.0,0.0,49,UTAH
2787,492787,214.0,614.3285214,2.87069402523,38.0,0.0,0.0,38.0,56.00238263,0.0,0.0,0.0,0.0,1.0,7.0,29.0,1.0,0.0,0.0,0.0,18.00238263,55187,0.0,0.0,0.0,49,UTAH
2788,492788,433.0,1366.924716,3.15687001386,223.0,101.0,8.0,114.0,275.00886212,78.0,23.0,2.0,6.0,2.0,40.0,55.0,17.0,0.0,0.0,15.00396448,37.00489764,46839,453.3333333,56.66666667,0.0,49,UTAH
2789,492789,386.0,1369.550051,3.54805712694,44.0,21.0,0.0,23.0,77.00436816,21.0,0.0,0.0,0.0,2.0,19.0,1.0,1.0,0.0,0.0,0.0,33.00436816,68781,0.0,1708.0,657.0,49,UTAH
2790,492790,340.0,1164.773877,3.42580552059,13.0,0.0,0.0,13.0,42.00383869,0.0,0.0,0.0,0.0,0.0,2.0,4.0,7.0,0.0,0.0,0.0,29.00383869,69334,0.0,0.0,0.0,49,UTAH
2791,492791,453.0,1639.959614,3.62021989845,37.0,0.0,5.0,32.0,184.039611424,0.0,0.0,0.0,5.0,0.0,29.0,0.0,3.0,2.006433454,0.0,106.0280156,39.00516237,61563,743.0,0.0,0.0,49,UTAH
2792,492792,338.0,1191.902345,3.52633829882,0.0,0.0,0.0,0.0,132.036966344,0.0,0.0,0.0,0.0,0.0,0.0,0.0,0.0,2.006433454,0.0,101.0266942,29.00383869,61563,0.0,0.0,0.0,49,UTAH
2793,492793,148.0,470.8101773,3.18114984662,0.0,0.0,0.0,0.0,47.013659367,0.0,0.0,0.0,0.0,0.0,0.0,0.0,0.0,1.003216727,0.0,33.00872185,13.00172079,61563,0.0,0.0,0.0,49,UTAH
2794,492794,476.0,1474.563474,3.09782242437,279.0,160.0,35.0,84.0,320.00542711,93.0,67.0,23.0,12.0,5.0,31.0,7.0,41.0,0.0,0.0,0.0,41.00542711,41857,0.0,0.0,0.0,49,UTAH
2795,492795,322.0,969.623934,3.01125445342,298.0,81.0,2.0,215.0,334.005820708,5.0,76.0,2.0,0.0,5.0,109.0,10.0,91.0,0.0,0.0,8.002114388,28.00370632,47066,445.3333333,55.66666667,0.0,49,UTAH
2796,492796,0.0,0.0,0.0,305.0,97.0,1.0,207.0,305.0,88.0,9.0,0.0,1.0,53.0,40.0,36.0,78.0,0.0,0.0,0.0,0.0,52938,0.0,0.0,0.0,49,UTAH
2797,492797,323.0,1018.630198,3.15365386378,168.0,1.0,138.0,29.0,196.00370632,1.0,0.0,0.0,138.0,0.0,27.0,0.0,2.0,0.0,0.0,0.0,28.00370632,50775,0.0,507.0,169.0,49,UTAH
2798,492798,310.0,896.9896501,2.89351500032,266.0,179.0,18.0,69.0,296.004366846,174.0,5.0,2.0,16.0,4.0,42.0,1.0,22.0,0.0,0.0,3.000792896,27.00357395,51549,498.0,0.0,0.0,49,UTAH
2799,492799,27.0,85.76096167,3.1763319137,1036.0,691.0,2.0,343.0,1038.00026474,612.0,79.0,2.0,0.0,2.0,150.0,76.0,115.0,0.0,0.0,0.0,2.000264737,52548,0.0,0.0,0.0,49,UTAH
2800,492800,412.0,1391.427848,3.37725205825,152.0,12.0,3.0,137.0,188.00476527,9.0,3.0,2.0,1.0,8.0,17.0,90.0,22.0,0.0,0.0,0.0,36.00476527,51256,0.0,0.0,0.0,49,UTAH
2801,492801,13.0,41.13025713,3.16386593308,0.0,0.0,0.0,0.0,12.011896938,0.0,0.0,0.0,0.0,0.0,0.0,0.0,0.0,3.009650181,0.0,8.002114388,1.000132369,67044,0.0,0.0,0.0,49,UTAH
2802,492802,106.0,379.7985445,3.58300513679,0.0,0.0,0.0,0.0,19.006786731,0.0,0.0,0.0,0.0,0.0,0.0,0.0,0.0,1.003216727,0.0,9.002378687,9.001191317,67044,0.0,0.0,0.0,49,UTAH
2803,492803,345.0,1149.021864,3.33049815652,0.0,0.0,0.0,0.0,30.00397106,0.0,0.0,0.0,0.0,0.0,0.0,0.0,0.0,0.0,0.0,0.0,30.00397106,44742,0.0,0.0,0.0,49,UTAH
2804,492804,109.0,360.5460838,3.3077622367,0.0,0.0,0.0,0.0,10.004408044,0.0,0.0,0.0,0.0,0.0,0.0,0.0,0.0,1.003216727,0.0,0.0,9.001191317,63773,0.0,0.0,0.0,49,UTAH
2805,492805,26.0,80.51029055,3.09654963654,14.0,3.0,2.0,9.0,21.004538658,1.0,2.0,2.0,0.0,0.0,2.0,1.0,6.0,1.003216727,0.0,4.001057194,2.000264737,67044,0.0,0.0,0.0,49,UTAH
2806,492806,179.0,609.9529621,3.40755844749,0.0,0.0,0.0,0.0,43.015290744,0.0,0.0,0.0,0.0,0.0,0.0,0.0,0.0,2.006433454,0.0,26.00687176,15.00198553,67044,0.0,0.0,0.0,49,UTAH
2807,492807,79.0,257.282885,3.25674537975,0.0,0.0,0.0,0.0,8.004143307,0.0,0.0,0.0,0.0,0.0,0.0,0.0,0.0,1.003216727,0.0,0.0,7.00092658,67044,0.0,0.0,0.0,49,UTAH
2808,492808,63.0,198.6503908,3.15318080635,36.0,20.0,1.0,15.0,57.010795477,7.0,13.0,1.0,0.0,0.0,4.0,1.0,10.0,2.006433454,0.0,14.00370018,5.000661843,67044,0.0,0.0,0.0,49,UTAH
2809,492809,20.0,61.25782977,3.0628914885,0.0,0.0,0.0,0.0,9.022781826,0.0,0.0,0.0,0.0,0.0,0.0,0.0,0.0,7.022517089,0.0,0.0,2.000264737,67044,0.0,0.0,0.0,49,UTAH
2810,492810,5.0,14.00178966,2.800357932,0.0,0.0,0.0,0.0,8.025733816,0.0,0.0,0.0,0.0,0.0,0.0,0.0,0.0,8.025733816,0.0,0.0,0.0,67044,0.0,0.0,0.0,49,UTAH
2811,492811,283.0,952.1216969,3.36438762155,5.0,0.0,0.0,5.0,61.020491681,0.0,0.0,0.0,0.0,0.0,1.0,0.0,4.0,3.009650181,0.0,29.00766466,24.00317684,61563,0.0,0.0,0.0,49,UTAH
2812,492812,239.0,795.4766751,3.32835428912,705.0,188.0,8.0,509.0,753.0099158,122.0,66.0,8.0,0.0,27.0,119.0,216.0,147.0,0.0,0.0,27.00713606,21.00277974,87109,171.0,49.0,0.0,49,UTAH
2813,492813,4.0,14.87690151,3.7192253775,22.0,2.0,5.0,15.0,32.03216727,0.0,2.0,1.0,4.0,1.0,4.0,0.0,10.0,10.03216727,0.0,0.0,0.0,44575,0.0,0.0,0.0,49,UTAH
2814,492814,23.0,77.88495499,3.38630239087,0.0,0.0,0.0,0.0,5.009914918,0.0,0.0,0.0,0.0,0.0,0.0,0.0,0.0,3.009650181,0.0,0.0,2.000264737,44575,0.0,0.0,0.0,49,UTAH
2815,492815,3.0,7.00089483,2.33363161,0.0,0.0,0.0,0.0,2.006433454,0.0,0.0,0.0,0.0,0.0,0.0,0.0,0.0,2.006433454,0.0,0.0,0.0,44575,0.0,0.0,0.0,49,UTAH
2816,492816,7.0,21.87779634,3.12539947714,0.0,0.0,0.0,0.0,8.022649458,0.0,0.0,0.0,0.0,0.0,0.0,0.0,0.0,7.022517089,0.0,0.0,1.000132369,44575,0.0,0.0,0.0,49,UTAH
2817,492817,131.0,413.9279068,3.15975501374,0.0,0.0,0.0,0.0,13.007889504,0.0,0.0,0.0,0.0,0.0,0.0,0.0,0.0,2.006433454,0.0,0.0,11.00145605,55481,0.0,0.0,0.0,49,UTAH
2818,492818,155.0,476.0608485,3.0713603129,3.0,0.0,1.0,2.0,83.034190935,0.0,0.0,0.0,1.0,0.0,0.0,0.0,2.0,5.016083635,0.0,62.01638651,13.00172079,54667,0.0,0.0,0.0,49,UTAH
2819,492819,253.0,878.6123012,3.47277589407,5.0,0.0,0.0,5.0,27.00291211,0.0,0.0,0.0,0.0,0.0,0.0,0.0,5.0,0.0,0.0,0.0,22.00291211,55368,685.3333333,85.66666667,0.0,49,UTAH
2820,492820,243.0,783.2251091,3.22314859712,173.0,67.0,0.0,106.0,212.00753711,32.0,35.0,0.0,0.0,5.0,15.0,6.0,80.0,0.0,0.0,18.00475737,21.00277974,56315,0.0,0.0,0.0,49,UTAH
2821,492821,100.0,299.288254,2.99288254,39.0,30.0,0.0,9.0,58.003834307,21.0,9.0,0.0,0.0,0.0,4.0,0.0,5.0,0.0,0.0,10.00264299,9.001191317,54667,0.0,0.0,0.0,49,UTAH
2822,492822,252.0,820.9762215,3.25784214881,305.0,153.0,4.0,148.0,322.00225026,41.0,112.0,1.0,3.0,6.0,51.0,36.0,55.0,0.0,0.0,0.0,17.00225026,43808,0.0,0.0,0.0,49,UTAH
2823,492823,370.0,1258.410846,3.40111039459,536.0,12.0,9.0,515.0,620.01797931,5.0,7.0,5.0,4.0,11.0,96.0,260.0,148.0,0.0,0.0,52.01374352,32.00423579,87109,0.0,0.0,0.0,49,UTAH
2824,492824,422.0,1519.194178,3.59998620379,39.0,2.0,3.0,34.0,152.02511626,2.0,0.0,3.0,0.0,0.0,34.0,0.0,0.0,0.0,0.0,77.02035099,36.00476527,59144,0.0,0.0,0.0,49,UTAH
2825,492825,137.0,490.0626381,3.57709954818,0.0,0.0,0.0,0.0,13.004805147,0.0,0.0,0.0,0.0,0.0,0.0,0.0,0.0,1.003216727,0.0,0.0,12.00158842,59144,0.0,0.0,0.0,49,UTAH
2826,492826,206.0,620.4543043,3.01191409854,263.0,49.0,6.0,208.0,284.003175526,16.0,33.0,5.0,1.0,7.0,133.0,44.0,24.0,0.0,0.0,3.000792896,18.00238263,43799,752.0,0.0,0.0,49,UTAH
2827,492827,1.0,5.250671123,5.250671123,0.0,0.0,0.0,0.0,113.038722981,0.0,0.0,0.0,0.0,0.0,0.0,0.0,0.0,3.009650181,0.0,110.0290728,0.0,43799,0.0,0.0,0.0,49,UTAH
2828,492828,17.0,51.63159937,3.03715290412,0.0,0.0,0.0,0.0,5.012999277,0.0,0.0,0.0,0.0,0.0,0.0,0.0,0.0,4.012866908,0.0,0.0,1.000132369,43799,0.0,0.0,0.0,49,UTAH
2829,492829,26.0,82.26051426,3.16386593308,0.0,0.0,0.0,0.0,27.018681915,0.0,0.0,0.0,0.0,0.0,0.0,0.0,0.0,4.012866908,0.0,21.00555027,2.000264737,43799,0.0,0.0,0.0,49,UTAH
2830,492830,118.0,382.4238801,3.24088033983,0.0,0.0,0.0,0.0,11.004540417,0.0,0.0,0.0,0.0,0.0,0.0,0.0,0.0,1.003216727,0.0,0.0,10.00132369,43799,0.0,0.0,0.0,49,UTAH
2831,492831,28.0,102.3880869,3.65671738929,15.0,0.0,10.0,5.0,21.013131645,0.0,0.0,0.0,10.0,1.0,2.0,0.0,2.0,4.012866908,0.0,0.0,2.000264737,43799,0.0,0.0,0.0,49,UTAH
2832,492832,108.0,350.9198534,3.24925790185,34.0,16.0,9.0,9.0,66.013175041,10.0,6.0,0.0,9.0,0.0,8.0,0.0,1.0,2.006433454,0.0,21.00555027,9.001191317,43799,0.0,0.0,0.0,49,UTAH
2833,492833,0.0,0.0,0.0,372.0,144.0,6.0,222.0,451.73387321,129.0,15.0,0.0,6.0,24.0,68.0,79.0,51.0,0.0,22.71880819,57.01506502,0.0,43799,0.0,0.0,0.0,49,UTAH
2834,492834,33.0,108.5138699,3.28829908788,698.0,136.0,4.0,558.0,860.04832546,93.0,43.0,2.0,2.0,67.0,235.0,234.0,22.0,2.006433454,0.0,157.0414949,3.000397106,43799,0.0,0.0,0.0,49,UTAH
2835,492835,78.0,267.7842273,3.43313111923,0.0,0.0,0.0,0.0,29.71973477,0.0,0.0,0.0,0.0,0.0,0.0,0.0,0.0,0.0,22.71880819,0.0,7.00092658,43799,0.0,0.0,0.0,49,UTAH
2836,492836,218.0,687.8379171,3.15521980321,0.0,0.0,0.0,0.0,134.0329093,0.0,0.0,0.0,0.0,0.0,0.0,0.0,0.0,0.0,0.0,115.0303943,19.002515,57396,0.0,0.0,0.0,49,UTAH
2837,492837,316.0,992.3768422,3.14043304494,0.0,0.0,0.0,0.0,36.005952637,0.0,0.0,0.0,0.0,0.0,0.0,0.0,0.0,0.0,0.0,9.002378687,27.00357395,57396,0.0,0.0,0.0,49,UTAH
2838,492838,345.0,1009.879079,2.92718573623,0.0,0.0,0.0,0.0,173.04176576,0.0,0.0,0.0,0.0,0.0,0.0,0.0,0.0,0.0,0.0,143.0377947,30.00397106,57396,0.0,0.0,0.0,49,UTAH
2839,492839,7.0,14.87690151,2.12527164429,0.0,0.0,0.0,0.0,1.000132369,0.0,0.0,0.0,0.0,0.0,0.0,0.0,0.0,0.0,0.0,0.0,1.000132369,57396,0.0,0.0,0.0,49,UTAH
2840,492840,607.0,1872.739367,3.0852378369,0.0,0.0,0.0,0.0,141.03040573,0.0,0.0,0.0,0.0,0.0,0.0,0.0,0.0,0.0,0.0,89.02352257,52.00688316,57396,0.0,0.0,0.0,49,UTAH
2841,492841,7.0,24.50313191,3.50044741571,0.0,0.0,0.0,0.0,4.00978255,0.0,0.0,0.0,0.0,0.0,0.0,0.0,0.0,3.009650181,0.0,0.0,1.000132369,53742,0.0,0.0,0.0,49,UTAH
2842,492842,77.0,238.9055361,3.1026693,0.0,0.0,0.0,0.0,8.004143307,0.0,0.0,0.0,0.0,0.0,0.0,0.0,0.0,1.003216727,0.0,0.0,7.00092658,57396,0.0,0.0,0.0,49,UTAH
2843,492843,1.0,4.375559269,4.375559269,0.0,0.0,0.0,0.0,7.022517089,0.0,0.0,0.0,0.0,0.0,0.0,0.0,0.0,7.022517089,0.0,0.0,0.0,57396,0.0,0.0,0.0,49,UTAH
2844,492844,1.0,1.750223708,1.750223708,0.0,0.0,0.0,0.0,11.035384,0.0,0.0,0.0,0.0,0.0,0.0,0.0,0.0,11.035384,0.0,0.0,0.0,44575,0.0,0.0,0.0,49,UTAH
2845,492845,4.0,9.626230392,2.406557598,31.0,1.0,1.0,29.0,101.036215472,0.0,1.0,0.0,1.0,8.0,11.0,0.0,10.0,6.019300362,0.0,64.01691511,0.0,44575,0.0,0.0,0.0,49,UTAH
2846,492846,3.0,14.00178966,4.66726322,0.0,0.0,0.0,0.0,9.028950543,0.0,0.0,0.0,0.0,0.0,0.0,0.0,0.0,9.028950543,0.0,0.0,0.0,51914,0.0,0.0,0.0,49,UTAH
2847,492847,1.0,1.750223708,1.750223708,12.0,0.0,2.0,10.0,16.012866908,0.0,0.0,0.0,2.0,2.0,5.0,0.0,3.0,4.012866908,0.0,0.0,0.0,55538,0.0,0.0,0.0,49,UTAH
2848,492848,2.0,3.500447415,1.7502237075,0.0,0.0,0.0,0.0,5.016083635,0.0,0.0,0.0,0.0,0.0,0.0,0.0,0.0,5.016083635,0.0,0.0,0.0,51914,0.0,0.0,0.0,49,UTAH
2849,492849,493.0,1768.601057,3.58742607911,0.0,0.0,0.0,0.0,46.009437174,0.0,0.0,0.0,0.0,0.0,0.0,0.0,0.0,1.003216727,0.0,2.000528597,43.00569185,55538,0.0,0.0,0.0,49,UTAH
2850,492850,211.0,714.0912727,3.38431882796,26.0,0.0,12.0,14.0,46.008816084,0.0,0.0,0.0,12.0,0.0,1.0,0.0,13.0,2.006433454,0.0,0.0,18.00238263,58771,0.0,0.0,0.0,49,UTAH
2851,492851,164.0,514.0140691,3.13423212866,262.0,165.0,0.0,97.0,295.00661098,47.0,118.0,0.0,0.0,0.0,44.0,5.0,48.0,0.0,0.0,17.00449308,16.0021179,58771,0.0,0.0,0.0,49,UTAH
2852,492852,4.0,6.125782977,1.53144574425,0.0,0.0,0.0,0.0,28.738108552,0.0,0.0,0.0,0.0,0.0,0.0,0.0,0.0,6.019300362,22.71880819,0.0,0.0,51914,0.0,0.0,0.0,49,UTAH
2853,492853,39.0,147.0187914,3.7697126,0.0,0.0,0.0,0.0,36.106549096,0.0,0.0,0.0,0.0,0.0,0.0,0.0,0.0,33.10615199,0.0,0.0,3.000397106,51914,0.0,0.0,0.0,49,UTAH
2854,492854,142.0,500.5639804,3.52509845352,42.0,1.0,4.0,37.0,109.1785084,0.0,1.0,1.0,3.0,2.0,17.0,0.0,18.0,55.17691998,0.0,0.0,12.00158842,51914,0.0,0.0,0.0,49,UTAH
2855,492855,87.0,282.6611288,3.24897849195,94.0,0.0,35.0,59.0,245.174665348,0.0,0.0,34.0,1.0,0.0,57.0,0.0,2.0,46.14796944,0.0,97.02563696,8.001058948,51914,0.0,0.0,0.0,49,UTAH
2856,492856,47.0,157.5201337,3.35149220638,0.0,0.0,0.0,0.0,12.02626329,0.0,0.0,0.0,0.0,0.0,0.0,0.0,0.0,8.025733816,0.0,0.0,4.000529474,51914,0.0,0.0,0.0,49,UTAH
2857,492857,62.0,189.8992723,3.06289148871,46.0,2.0,1.0,43.0,60.029612386,0.0,2.0,0.0,1.0,1.0,5.0,26.0,11.0,9.028950543,0.0,0.0,5.000661843,51914,0.0,0.0,0.0,49,UTAH
2858,492858,25.0,70.88406016,2.8353624064,15.0,0.0,12.0,3.0,21.013131645,0.0,0.0,0.0,12.0,1.0,2.0,0.0,0.0,4.012866908,0.0,0.0,2.000264737,51914,0.0,0.0,0.0,49,UTAH
2859,492859,24.0,63.88316533,2.66179855542,2.0,2.0,0.0,0.0,320.013533737,0.0,2.0,0.0,0.0,0.0,0.0,0.0,0.0,316.013269,0.0,0.0,2.000264737,60068,0.0,0.0,0.0,49,UTAH
2860,492860,1.0,1.750223708,1.750223708,0.0,0.0,0.0,0.0,22.07076799,0.0,0.0,0.0,0.0,0.0,0.0,0.0,0.0,22.07076799,0.0,0.0,0.0,51914,0.0,0.0,0.0,49,UTAH
2861,492861,0.0,0.0,0.0,0.0,0.0,0.0,0.0,44.14153599,0.0,0.0,0.0,0.0,0.0,0.0,0.0,0.0,44.14153599,0.0,0.0,0.0,51914,0.0,0.0,0.0,49,UTAH
2862,492862,29.0,91.88674465,3.16850843621,2.0,0.0,0.0,2.0,5.000397106,0.0,0.0,0.0,0.0,0.0,1.0,0.0,1.0,0.0,0.0,0.0,3.000397106,57396,0.0,0.0,0.0,49,UTAH
2863,492863,31.0,96.26230392,3.10523561032,1.0,1.0,0.0,0.0,31.087248736,0.0,1.0,0.0,0.0,0.0,0.0,0.0,0.0,27.08685163,0.0,0.0,3.000397106,55709,0.0,0.0,0.0,49,UTAH
2864,492864,115.0,385.6442917,3.35342862348,39.0,3.0,2.0,34.0,96.143520637,2.0,1.0,2.0,0.0,2.0,29.0,0.0,3.0,44.14153599,0.0,2.000528597,11.00145605,57193,353.0,0.0,0.0,49,UTAH
2865,492865,29.0,89.26140909,3.07797962379,12.0,0.0,2.0,10.0,127.005493996,0.0,0.0,0.0,2.0,0.0,7.0,0.0,3.0,89.2862887,22.71880819,0.0,3.000397106,57396,0.0,0.0,0.0,49,UTAH
2866,492866,25.0,74.38450757,2.9753803028,0.0,0.0,0.0,0.0,36.091918888,0.0,0.0,0.0,0.0,0.0,0.0,0.0,0.0,28.09006836,0.0,6.001585791,2.000264737,57396,0.0,0.0,0.0,49,UTAH
2867,492867,197.0,647.5827718,3.28722219188,4.0,1.0,1.0,2.0,23.008683714,1.0,0.0,0.0,1.0,0.0,1.0,1.0,0.0,2.006433454,0.0,0.0,17.00225026,57396,0.0,0.0,0.0,49,UTAH
2868,492868,111.0,359.6492749,3.24008355766,0.0,0.0,0.0,0.0,15.002645183,0.0,0.0,0.0,0.0,0.0,0.0,0.0,0.0,0.0,0.0,5.001321493,10.00132369,57396,0.0,0.0,0.0,49,UTAH
2869,492869,17.0,48.13115196,2.83124423294,0.0,0.0,0.0,0.0,18.048911866,0.0,0.0,0.0,0.0,0.0,0.0,0.0,0.0,15.0482509,0.0,2.000528597,1.000132369,57396,0.0,0.0,0.0,49,UTAH
2870,492870,47.0,120.7654358,2.56947735745,0.0,0.0,0.0,0.0,4.000529474,0.0,0.0,0.0,0.0,0.0,0.0,0.0,0.0,0.0,0.0,0.0,4.000529474,63602,0.0,0.0,0.0,49,UTAH
2871,492871,0.0,0.0,0.0,0.0,0.0,0.0,0.0,0.0,0.0,0.0,0.0,0.0,0.0,0.0,0.0,0.0,0.0,0.0,0.0,0.0,56366,0.0,0.0,0.0,49,UTAH
2872,492872,0.0,0.0,0.0,0.0,0.0,0.0,0.0,0.0,0.0,0.0,0.0,0.0,0.0,0.0,0.0,0.0,0.0,0.0,0.0,0.0,51914,0.0,0.0,0.0,49,UTAH
2873,492873,1.0,1.750223708,1.750223708,0.0,0.0,0.0,0.0,0.0,0.0,0.0,0.0,0.0,0.0,0.0,0.0,0.0,0.0,0.0,0.0,0.0,101374,0.0,0.0,0.0,49,UTAH
